/*--------------------------------*- C++ -*----------------------------------*\
| =========                 |                                                 |
| \\      /  F ield         | OpenFOAM: The Open Source CFD Toolbox           |
|  \\    /   O peration     | Version:  2312                                  |
|   \\  /    A nd           | Website:  www.openfoam.com                      |
|    \\/     M anipulation  |                                                 |
\*---------------------------------------------------------------------------*/
FoamFile
{
    version     2.0;
    format      ascii;
    arch        "LSB;label=32;scalar=64";
    class       surfaceScalarField;
    location    "5e-05";
    object      aSf;
}
// * * * * * * * * * * * * * * * * * * * * * * * * * * * * * * * * * * * * * //

dimensions      [0 3 -1 0 0 0 0];

oriented        oriented;

internalField   nonuniform List<scalar> 
799
(
-0.0171704
-0.0171704
-0.0171704
-0.0171704
-0.0171704
-0.0171704
-0.0171704
-0.0171704
-0.0171704
-0.0171704
-0.0171704
-0.0171704
-0.0171704
-0.0171704
-0.0171704
-0.0171704
-0.0171704
-0.0171704
-0.0171704
-0.0171704
-0.0171704
-0.0171704
-0.0171704
-0.0171704
-0.0171704
-0.0171704
-0.0171704
-0.0171704
-0.0171704
-0.0171704
-0.0171704
-0.0171704
-0.0171704
-0.0171704
-0.0171704
-0.0171704
-0.0171704
-0.0171704
-0.0171704
-0.0171704
-0.0171704
-0.0171704
-0.0171704
-0.0171704
-0.0171704
-0.0171704
-0.0171704
-0.0171704
-0.0171704
-0.0171704
-0.0171704
-0.0171704
-0.0171704
-0.0171704
-0.0171704
-0.0171704
-0.0171704
-0.0171704
-0.0171704
-0.0171704
-0.0171704
-0.0171704
-0.0171704
-0.0171704
-0.0171704
-0.0171704
-0.0171704
-0.0171704
-0.0171704
-0.0171704
-0.0171704
-0.0171704
-0.0171704
-0.0171704
-0.0171704
-0.0171704
-0.0171704
-0.0171704
-0.0171704
-0.0171704
-0.0171704
-0.0171704
-0.0171704
-0.0171704
-0.0171704
-0.0171704
-0.0171704
-0.0171704
-0.0171704
-0.0171704
-0.0171704
-0.0171704
-0.0171704
-0.0171704
-0.0171704
-0.0171704
-0.0171704
-0.0171704
-0.0171704
-0.0171704
-0.0171704
-0.0171704
-0.0171704
-0.0171704
-0.0171704
-0.0171704
-0.0171704
-0.0171704
-0.0171704
-0.0171704
-0.0171704
-0.0171704
-0.0171704
-0.0171704
-0.0171704
-0.0171704
-0.0171704
-0.0171704
-0.0171704
-0.0171704
-0.0171704
-0.0171704
-0.0171704
-0.0171704
-0.0171704
-0.0171704
-0.0171704
-0.0171704
-0.0171704
-0.0171704
-0.0171704
-0.0171704
-0.0171704
-0.0171704
-0.0171704
-0.0171704
-0.0171704
-0.0171704
-0.0171704
-0.0171704
-0.0171704
-0.0171704
-0.0171704
-0.0171704
-0.0171704
-0.0171704
-0.0171704
-0.0171704
-0.0171704
-0.0171704
-0.0171704
-0.0171704
-0.0171704
-0.0171704
-0.0171704
-0.0171704
-0.0171704
-0.0171704
-0.0171704
-0.0171704
-0.0171704
-0.0171704
-0.0171704
-0.0171704
-0.0171704
-0.0171704
-0.0171704
-0.0171704
-0.0171704
-0.0171704
-0.0171704
-0.0171704
-0.0171704
-0.0171704
-0.0171704
-0.0171704
-0.0171704
-0.0171704
-0.0171704
-0.0171704
-0.0171704
-0.0171704
-0.0171704
-0.0171704
-0.0171704
-0.0171704
-0.0171704
-0.0171704
-0.0171704
-0.0171704
-0.0171704
-0.0171704
-0.0171704
-0.0171704
-0.0171704
-0.0171704
-0.0171704
-0.0171704
-0.0171704
-0.0171704
-0.0171704
-0.0171704
-0.0171704
-0.0171704
-0.0171704
-0.0171704
-0.0171704
-0.0171704
-0.0171704
-0.0171704
-0.0171704
-0.0171704
-0.0171704
-0.0171704
-0.0171704
-0.0171704
-0.0171704
-0.0171704
-0.0171704
-0.0171704
-0.0171704
-0.0171704
-0.0171704
-0.0171704
-0.0171704
-0.0171704
-0.0171704
-0.0171704
-0.0171704
-0.0171704
-0.0171704
-0.0171704
-0.0171704
-0.0171704
-0.0171704
-0.0171704
-0.0171704
-0.0171704
-0.0171704
-0.0171704
-0.0171704
-0.0171704
-0.0171704
-0.0171704
-0.0171704
-0.0171704
-0.0171704
-0.0171704
-0.0171704
-0.0171704
-0.0171704
-0.0171704
-0.0171704
-0.0171704
-0.0171704
-0.0171704
-0.0171704
-0.0171704
-0.0171704
-0.0171704
-0.0171704
-0.0171704
-0.0171704
-0.0171704
-0.0171704
-0.0171704
-0.0171704
-0.0171704
-0.0171704
-0.0171704
-0.0171704
-0.0171704
-0.0171704
-0.0171704
-0.0171704
-0.0171704
-0.0171704
-0.0171704
-0.0171704
-0.0171704
-0.0171704
-0.0171704
-0.0171704
-0.0171704
-0.0171704
-0.0171704
-0.0171704
-0.0171704
-0.0171704
-0.0171704
-0.0171704
-0.0171704
-0.0171704
-0.0171704
-0.0171704
-0.0171704
-0.0171704
-0.0171704
-0.0171704
-0.0171704
-0.0171704
-0.0171704
-0.0171704
-0.0171704
-0.0171704
-0.0171704
-0.0171704
-0.0171704
-0.0171704
-0.0171704
-0.0171704
-0.0171704
-0.0171704
-0.0171704
-0.0171704
-0.0171704
-0.0171704
-0.0171704
-0.0171704
-0.0171704
-0.0171704
-0.0171704
-0.0171704
-0.0171704
-0.0171704
-0.0171704
-0.0171704
-0.0171704
-0.0171704
-0.0171704
-0.0171704
-0.0171704
-0.0171704
-0.0171704
-0.0171704
-0.0171704
-0.0171704
-0.0171704
-0.0171704
-0.0171704
-0.0171704
-0.0171704
-0.0171704
-0.0171704
-0.0171704
-0.0171704
-0.0171704
-0.0171704
-0.0171704
-0.0171704
-0.0171704
-0.0171704
-0.0171704
-0.0171704
-0.0171704
-0.0171704
-0.01717
-0.0171686
-0.0171666
-0.0171625
-0.0171541
-0.0171384
-0.0171101
-0.0170618
-0.0169824
-0.0168571
-0.0166678
-0.016394
-0.016019
-0.0155298
-0.0149268
-0.0141926
-0.0133214
-0.0123041
-0.0111453
-0.00982831
-0.00836216
-0.00679337
-0.00522443
-0.00379156
-0.00266417
-0.0018955
-0.00168229
-0.00172944
-0.00152451
-0.002071
-0.00162553
-0.00262606
-0.00206653
-0.00274304
-0.00532773
-0.00671706
-0.00645622
-0.00712125
-0.00818605
-0.00920976
-0.0107776
-0.0141047
-0.0169138
-0.0175893
-0.0724965
-0.0733225
-0.0733235
-0.0733228
-0.07332
-0.0733192
-0.0733169
-0.0733157
-0.0733142
-0.073313
-0.0733119
-0.0733112
-0.0733109
-0.0733107
-0.0733105
-0.0733105
-0.0733105
-0.0733104
-0.0733104
-0.0733104
-0.0733102
-0.0733104
-0.0733104
-0.0733103
-0.0733103
-0.0733102
-0.0733104
-0.0733104
-0.0733104
-0.0733104
-0.0733104
-0.0733104
-0.0733104
-0.0733102
-0.0733104
-0.0733104
-0.0733102
-0.0733104
-0.0733104
-0.0733104
-0.0733102
-0.0733104
-0.0733104
-0.0733104
-0.0733103
-0.0733102
-0.0733104
-0.0733104
-0.0733102
-0.0733102
-0.0733102
-0.0733104
-0.0733104
-0.0733104
-0.0733104
-0.0733104
-0.0733104
-0.0733104
-0.0733103
-0.0733104
-0.0733104
-0.0733102
-0.0733104
-0.0733104
-0.0733104
-0.0733102
-0.0733102
-0.0733104
-0.0733104
-0.0733104
-0.0733104
-0.0733104
-0.0733104
-0.0733104
-0.0733102
-0.0733102
-0.0733104
-0.0733104
-0.0733104
-0.0733104
-0.0733104
-0.0733104
-0.0733104
-0.0733103
-0.0733104
-0.0733104
-0.0733104
-0.0733102
-0.0733104
-0.0733104
-0.0733104
-0.0733104
-0.0733104
-0.0733104
-0.0733104
-0.0733104
-0.0733104
-0.0733104
-0.0733103
-0.0733104
-0.0733104
-0.0733104
-0.0733104
-0.0733104
-0.0733104
-0.0733104
-0.0733104
-0.0733104
-0.0733104
-0.0733104
-0.0733104
-0.0733104
-0.0733104
-0.0733104
-0.0733104
-0.0733104
-0.0733104
-0.0733104
-0.0733104
-0.0733104
-0.0733102
-0.0733104
-0.0733104
-0.0733104
-0.0733104
-0.0733104
-0.0733104
-0.0733104
-0.0733104
-0.0733104
-0.0733104
-0.0733104
-0.0733102
-0.0733104
-0.0733104
-0.0733104
-0.0733104
-0.0733104
-0.0733104
-0.0733104
-0.0733104
-0.0733104
-0.0733104
-0.0733104
-0.0733104
-0.0733104
-0.0733104
-0.0733104
-0.0733104
-0.0733104
-0.0733104
-0.0733104
-0.0733104
-0.0733104
-0.0733104
-0.0733104
-0.0733104
-0.0733104
-0.0733104
-0.0733104
-0.0733104
-0.0733102
-0.0733104
-0.0733104
-0.0733104
-0.0733104
-0.0733102
-0.0733104
-0.0733104
-0.0733104
-0.0733103
-0.0733104
-0.0733104
-0.0733104
-0.0733103
-0.0733104
-0.0733104
-0.0733104
-0.0733104
-0.0733104
-0.0733104
-0.0733104
-0.0733102
-0.0733104
-0.0733104
-0.0733104
-0.0733104
-0.0733104
-0.0733104
-0.0733104
-0.0733104
-0.0733104
-0.0733104
-0.0733104
-0.0733104
-0.0733104
-0.0733104
-0.0733104
-0.0733104
-0.0733104
-0.0733104
-0.0733104
-0.0733104
-0.0733104
-0.0733104
-0.0733104
-0.0733104
-0.0733104
-0.0733104
-0.0733104
-0.0733104
-0.0733104
-0.0733104
-0.0733104
-0.0733104
-0.0733104
-0.0733104
-0.0733104
-0.0733104
-0.0733104
-0.0733104
-0.0733104
-0.0733104
-0.0733104
-0.0733104
-0.0733103
-0.0733104
-0.0733104
-0.0733104
-0.0733104
-0.0733104
-0.0733104
-0.0733104
-0.0733104
-0.0733104
-0.0733104
-0.0733104
-0.0733104
-0.0733104
-0.0733104
-0.0733104
-0.0733104
-0.0733104
-0.0733104
-0.0733104
-0.0733104
-0.0733104
-0.0733104
-0.0733104
-0.0733104
-0.0733104
-0.0733104
-0.0733104
-0.0733102
-0.0733102
-0.0733104
-0.0733104
-0.0733104
-0.0733104
-0.0733104
-0.0733104
-0.0733104
-0.0733104
-0.0733104
-0.0733104
-0.0733104
-0.0733104
-0.0733104
-0.0733104
-0.0733104
-0.0733104
-0.0733104
-0.0733104
-0.0733104
-0.0733104
-0.0733104
-0.0733104
-0.0733104
-0.0733104
-0.0733102
-0.0733104
-0.0733104
-0.0733104
-0.0733104
-0.0733104
-0.0733104
-0.0733104
-0.0733104
-0.0733104
-0.0733104
-0.0733104
-0.0733104
-0.0733104
-0.0733104
-0.0733104
-0.0733104
-0.0733104
-0.0733104
-0.0733104
-0.0733104
-0.0733104
-0.0733104
-0.0733104
-0.0733104
-0.0733104
-0.0733104
-0.0733104
-0.0733104
-0.0733104
-0.0733104
-0.0733104
-0.0733104
-0.0733104
-0.0733104
-0.0733104
-0.0733104
-0.0733104
-0.0733104
-0.0733104
-0.0733104
-0.0733104
-0.0733104
-0.0733104
-0.0733104
-0.0733104
-0.0733104
-0.0733104
-0.0733104
-0.0733104
-0.0733104
-0.0733104
-0.0733104
-0.0733104
-0.0733104
-0.0733104
-0.0733104
-0.0733104
-0.0733104
-0.0733104
-0.0733104
-0.0733104
-0.0733104
-0.0733104
-0.0733104
-0.0733104
-0.0733104
-0.0733104
-0.0733104
-0.0733104
-0.0733104
-0.0733104
-0.0733104
-0.0733104
-0.0733104
-0.0733104
-0.0733104
-0.0733104
-0.0733104
-0.0733104
-0.0733104
-0.0733104
-0.0733104
-0.0733104
-0.0733104
-0.0733104
-0.0733104
-0.0733104
-0.0733104
-0.0733104
-0.0733104
-0.0733104
-0.0733104
-0.0733104
-0.0733104
-0.0733104
-0.0733102
-0.0733104
-0.0733104
-0.0733104
-0.0733103
-0.0733104
-0.0733104
-0.0733104
-0.0733104
-0.0733104
-0.0733104
-0.0733104
-0.0733104
-0.0733104
-0.0733104
-0.0733104
-0.0733104
-0.0733104
-0.0733104
-0.0733104
-0.0733104
-0.0733104
-0.0733104
-0.0733104
)
;

boundaryField
{
    sides
    {
        type            calculated;
        value           nonuniform List<scalar> 2(-0.0733104 -0.0171704);
    }
    empty1
    {
        type            empty;
        value           nonuniform List<scalar> 0();
    }
    empty2
    {
        type            empty;
        value           nonuniform List<scalar> 0();
    }
}


// ************************************************************************* //
