/*--------------------------------*- C++ -*----------------------------------*\
| =========                 |                                                 |
| \\      /  F ield         | OpenFOAM: The Open Source CFD Toolbox           |
|  \\    /   O peration     | Version:  2312                                  |
|   \\  /    A nd           | Website:  www.openfoam.com                      |
|    \\/     M anipulation  |                                                 |
\*---------------------------------------------------------------------------*/
FoamFile
{
    version     2.0;
    format      ascii;
    arch        "LSB;label=32;scalar=64";
    class       volScalarField;
    location    "5e-05";
    object      cSound;
}
// * * * * * * * * * * * * * * * * * * * * * * * * * * * * * * * * * * * * * //

dimensions      [0 1 -1 0 0 0 0];

internalField   nonuniform List<scalar> 
800
(
343.407
343.407
343.407
343.407
343.407
343.407
343.407
343.407
343.407
343.407
343.407
343.407
343.407
343.407
343.407
343.407
343.407
343.407
343.407
343.407
343.407
343.407
343.407
343.407
343.407
343.407
343.407
343.407
343.407
343.407
343.407
343.407
343.407
343.407
343.407
343.407
343.407
343.407
343.407
343.407
343.407
343.407
343.407
343.407
343.407
343.407
343.407
343.407
343.407
343.407
343.407
343.407
343.407
343.407
343.407
343.407
343.407
343.407
343.407
343.407
343.407
343.407
343.407
343.407
343.407
343.407
343.407
343.407
343.407
343.407
343.407
343.407
343.407
343.407
343.407
343.407
343.407
343.407
343.407
343.407
343.407
343.407
343.407
343.407
343.407
343.407
343.407
343.407
343.407
343.407
343.407
343.407
343.407
343.407
343.407
343.407
343.407
343.407
343.407
343.407
343.407
343.407
343.407
343.407
343.407
343.407
343.407
343.407
343.407
343.407
343.407
343.407
343.407
343.407
343.407
343.407
343.407
343.407
343.407
343.407
343.407
343.407
343.407
343.407
343.407
343.407
343.407
343.407
343.407
343.407
343.407
343.407
343.407
343.407
343.407
343.407
343.407
343.407
343.407
343.407
343.407
343.407
343.407
343.407
343.407
343.407
343.407
343.407
343.407
343.407
343.407
343.407
343.407
343.407
343.407
343.407
343.407
343.407
343.407
343.407
343.407
343.407
343.407
343.407
343.407
343.407
343.407
343.407
343.407
343.407
343.407
343.407
343.407
343.407
343.407
343.407
343.407
343.407
343.407
343.407
343.407
343.407
343.407
343.407
343.407
343.407
343.407
343.407
343.407
343.407
343.407
343.407
343.407
343.407
343.407
343.407
343.407
343.407
343.407
343.407
343.407
343.407
343.407
343.407
343.407
343.407
343.407
343.407
343.407
343.407
343.407
343.407
343.407
343.407
343.407
343.407
343.407
343.407
343.407
343.407
343.407
343.407
343.407
343.407
343.407
343.407
343.407
343.407
343.407
343.407
343.407
343.407
343.407
343.407
343.407
343.407
343.407
343.407
343.407
343.407
343.407
343.407
343.407
343.407
343.407
343.407
343.407
343.407
343.407
343.407
343.407
343.407
343.407
343.407
343.407
343.407
343.407
343.407
343.407
343.407
343.407
343.407
343.407
343.407
343.407
343.407
343.407
343.407
343.407
343.407
343.407
343.407
343.407
343.407
343.407
343.407
343.407
343.407
343.407
343.407
343.407
343.407
343.407
343.407
343.407
343.407
343.407
343.407
343.407
343.407
343.407
343.407
343.407
343.407
343.407
343.407
343.407
343.407
343.407
343.407
343.407
343.407
343.407
343.407
343.407
343.407
343.407
343.407
343.407
343.407
343.407
343.407
343.407
343.407
343.407
343.407
343.407
343.407
343.407
343.407
343.407
343.407
343.407
343.407
343.407
343.407
343.407
343.407
343.407
343.407
343.407
343.407
343.407
343.407
343.407
343.407
343.407
343.407
343.407
343.407
343.407
343.407
343.407
343.407
343.407
343.407
343.407
343.407
343.407
343.407
343.407
343.407
343.407
343.407
343.407
343.406
343.398
343.373
343.331
343.246
343.084
342.794
342.306
341.54
340.416
338.873
336.883
334.453
331.63
328.507
325.18
321.706
318.154
314.5
310.883
307.168
303.552
299.959
296.775
294.228
292.587
291.673
291.884
293.092
293.639
297.616
299.734
306.997
312.332
321.407
329.002
348.573
358.666
369.47
376.422
386.525
397.345
407.552
409.963
261.51
442.062
1455.44
1466.45
1466.43
1466.41
1466.38
1466.35
1466.33
1466.3
1466.27
1466.25
1466.23
1466.22
1466.21
1466.21
1466.21
1466.21
1466.21
1466.21
1466.21
1466.2
1466.2
1466.21
1466.2
1466.21
1466.2
1466.21
1466.21
1466.21
1466.21
1466.21
1466.21
1466.21
1466.2
1466.2
1466.21
1466.2
1466.2
1466.21
1466.21
1466.2
1466.2
1466.21
1466.21
1466.21
1466.2
1466.2
1466.21
1466.2
1466.2
1466.2
1466.2
1466.21
1466.21
1466.21
1466.21
1466.21
1466.21
1466.21
1466.2
1466.21
1466.2
1466.2
1466.21
1466.21
1466.2
1466.2
1466.2
1466.21
1466.21
1466.21
1466.21
1466.21
1466.21
1466.2
1466.2
1466.2
1466.21
1466.2
1466.21
1466.21
1466.21
1466.21
1466.2
1466.21
1466.21
1466.21
1466.2
1466.2
1466.21
1466.21
1466.2
1466.21
1466.21
1466.21
1466.21
1466.21
1466.21
1466.2
1466.21
1466.21
1466.21
1466.21
1466.21
1466.21
1466.2
1466.21
1466.2
1466.21
1466.2
1466.21
1466.21
1466.21
1466.21
1466.21
1466.21
1466.21
1466.2
1466.21
1466.21
1466.2
1466.2
1466.21
1466.21
1466.2
1466.21
1466.21
1466.21
1466.21
1466.21
1466.21
1466.21
1466.2
1466.2
1466.21
1466.21
1466.21
1466.21
1466.21
1466.21
1466.21
1466.21
1466.21
1466.21
1466.21
1466.21
1466.21
1466.21
1466.2
1466.21
1466.21
1466.21
1466.21
1466.21
1466.21
1466.21
1466.21
1466.21
1466.21
1466.2
1466.21
1466.2
1466.2
1466.21
1466.21
1466.21
1466.2
1466.2
1466.21
1466.21
1466.2
1466.21
1466.21
1466.21
1466.21
1466.2
1466.21
1466.21
1466.21
1466.21
1466.21
1466.21
1466.2
1466.2
1466.21
1466.21
1466.21
1466.21
1466.21
1466.21
1466.21
1466.21
1466.21
1466.21
1466.21
1466.21
1466.21
1466.21
1466.2
1466.21
1466.2
1466.21
1466.21
1466.2
1466.21
1466.21
1466.21
1466.21
1466.21
1466.2
1466.21
1466.2
1466.21
1466.2
1466.21
1466.2
1466.21
1466.2
1466.21
1466.21
1466.21
1466.21
1466.21
1466.21
1466.21
1466.2
1466.21
1466.21
1466.21
1466.21
1466.21
1466.21
1466.21
1466.21
1466.21
1466.21
1466.21
1466.21
1466.21
1466.2
1466.21
1466.2
1466.21
1466.21
1466.2
1466.21
1466.21
1466.21
1466.21
1466.2
1466.21
1466.21
1466.21
1466.2
1466.2
1466.2
1466.21
1466.21
1466.21
1466.21
1466.21
1466.21
1466.21
1466.21
1466.21
1466.21
1466.21
1466.21
1466.21
1466.21
1466.21
1466.2
1466.21
1466.21
1466.21
1466.21
1466.21
1466.21
1466.21
1466.2
1466.2
1466.21
1466.21
1466.21
1466.21
1466.21
1466.21
1466.21
1466.21
1466.21
1466.21
1466.2
1466.21
1466.21
1466.2
1466.21
1466.21
1466.21
1466.21
1466.21
1466.21
1466.21
1466.21
1466.21
1466.21
1466.2
1466.21
1466.21
1466.2
1466.21
1466.21
1466.21
1466.21
1466.21
1466.21
1466.2
1466.21
1466.21
1466.21
1466.21
1466.21
1466.21
1466.21
1466.21
1466.21
1466.21
1466.21
1466.21
1466.2
1466.21
1466.21
1466.21
1466.21
1466.21
1466.21
1466.21
1466.21
1466.21
1466.21
1466.21
1466.21
1466.2
1466.21
1466.21
1466.21
1466.21
1466.2
1466.21
1466.21
1466.21
1466.2
1466.21
1466.21
1466.21
1466.2
1466.21
1466.21
1466.21
1466.21
1466.2
1466.21
1466.21
1466.21
1466.21
1466.21
1466.21
1466.21
1466.2
1466.21
1466.21
1466.21
1466.2
1466.21
1466.2
1466.21
1466.2
1466.21
1466.21
1466.21
1466.21
1466.2
1466.21
1466.21
1466.21
1466.2
1466.21
1466.21
1466.21
1466.21
1466.21
1466.21
1466.21
1466.21
1466.21
1466.21
1466.21
1466.21
1466.21
1466.21
1466.21
)
;

boundaryField
{
    sides
    {
        type            calculated;
        value           nonuniform List<scalar> 2(1466.21 343.407);
    }
    empty1
    {
        type            empty;
    }
    empty2
    {
        type            empty;
    }
}


// ************************************************************************* //
