/*--------------------------------*- C++ -*----------------------------------*\
| =========                 |                                                 |
| \\      /  F ield         | OpenFOAM: The Open Source CFD Toolbox           |
|  \\    /   O peration     | Version:  2312                                  |
|   \\  /    A nd           | Website:  www.openfoam.com                      |
|    \\/     M anipulation  |                                                 |
\*---------------------------------------------------------------------------*/
FoamFile
{
    version     2.0;
    format      ascii;
    arch        "LSB;label=32;scalar=64";
    class       volScalarField;
    location    "5e-05";
    object      p;
}
// * * * * * * * * * * * * * * * * * * * * * * * * * * * * * * * * * * * * * //

dimensions      [1 -1 -2 0 0 0 0];

internalField   nonuniform List<scalar> 
800
(
1e+06
1e+06
1e+06
1e+06
1e+06
1e+06
1e+06
1e+06
1e+06
1e+06
1e+06
1e+06
1e+06
1e+06
1e+06
1e+06
1e+06
1e+06
1e+06
1e+06
1e+06
1e+06
1e+06
1e+06
1e+06
1e+06
1e+06
1e+06
1e+06
1e+06
1e+06
1e+06
1e+06
1e+06
1e+06
1e+06
1e+06
1e+06
1e+06
1e+06
1e+06
1e+06
1e+06
1e+06
1e+06
1e+06
1e+06
1e+06
1e+06
1e+06
1e+06
1e+06
1e+06
1e+06
1e+06
1e+06
1e+06
1e+06
1e+06
1e+06
1e+06
1e+06
1e+06
1e+06
1e+06
1e+06
1e+06
1e+06
1e+06
1e+06
1e+06
1e+06
1e+06
1e+06
1e+06
1e+06
1e+06
1e+06
1e+06
1e+06
1e+06
1e+06
1e+06
1e+06
1e+06
1e+06
1e+06
1e+06
1e+06
1e+06
1e+06
1e+06
1e+06
1e+06
1e+06
1e+06
1e+06
1e+06
1e+06
1e+06
1e+06
1e+06
1e+06
1e+06
1e+06
1e+06
1e+06
1e+06
1e+06
1e+06
1e+06
1e+06
1e+06
1e+06
1e+06
1e+06
1e+06
1e+06
1e+06
1e+06
1e+06
1e+06
1e+06
1e+06
1e+06
1e+06
1e+06
1e+06
1e+06
1e+06
1e+06
1e+06
1e+06
1e+06
1e+06
1e+06
1e+06
1e+06
1e+06
1e+06
1e+06
1e+06
1e+06
1e+06
1e+06
1e+06
1e+06
1e+06
1e+06
1e+06
1e+06
1e+06
1e+06
1e+06
1e+06
1e+06
1e+06
1e+06
1e+06
1e+06
1e+06
1e+06
1e+06
1e+06
1e+06
1e+06
1e+06
1e+06
1e+06
1e+06
1e+06
1e+06
1e+06
1e+06
1e+06
1e+06
1e+06
1e+06
1e+06
1e+06
1e+06
1e+06
1e+06
1e+06
1e+06
1e+06
1e+06
1e+06
1e+06
1e+06
1e+06
1e+06
1e+06
1e+06
1e+06
1e+06
1e+06
1e+06
1e+06
1e+06
1e+06
1e+06
1e+06
1e+06
1e+06
1e+06
1e+06
1e+06
1e+06
1e+06
1e+06
1e+06
1e+06
1e+06
1e+06
1e+06
1e+06
1e+06
1e+06
1e+06
1e+06
1e+06
1e+06
1e+06
1e+06
1e+06
1e+06
1e+06
1e+06
1e+06
1e+06
1e+06
1e+06
1e+06
1e+06
1e+06
1e+06
1e+06
1e+06
1e+06
1e+06
1e+06
1e+06
1e+06
1e+06
1e+06
1e+06
1e+06
1e+06
1e+06
1e+06
1e+06
1e+06
1e+06
1e+06
1e+06
1e+06
1e+06
1e+06
1e+06
1e+06
1e+06
1e+06
1e+06
1e+06
1e+06
1e+06
1e+06
1e+06
1e+06
1e+06
1e+06
1e+06
1e+06
1e+06
1e+06
1e+06
1e+06
1e+06
1e+06
1e+06
1e+06
1e+06
1e+06
1e+06
1e+06
1e+06
1e+06
1e+06
1e+06
1e+06
1e+06
1e+06
1e+06
1e+06
1e+06
1e+06
1e+06
1e+06
1e+06
1e+06
1e+06
1e+06
1e+06
1e+06
1e+06
1e+06
1e+06
1e+06
1e+06
1e+06
1e+06
1e+06
1e+06
1e+06
1e+06
1e+06
1e+06
1e+06
1e+06
1e+06
1e+06
1e+06
1e+06
1e+06
1e+06
1e+06
1e+06
1e+06
1e+06
1e+06
1e+06
1e+06
1e+06
1e+06
1e+06
1e+06
1e+06
1e+06
1e+06
1e+06
1e+06
1e+06
1e+06
1e+06
1e+06
1e+06
1e+06
1e+06
1e+06
1e+06
1e+06
1e+06
999999
999994
999970
999865
999556
998967
997774
995425
991070
983513
971285
952884
927157
893693
853029
806540
756440
705098
654688
604832
557985
512818
471313
431405
395275
363228
337042
316798
304309
294822
295318
285409
294349
280499
291193
277994
278770
277932
300491
287601
284866
282236
286104
291651
303843
372512
386369
784293
516744
549690
482782
457823
397327
357726
301410
258825
210249
167019
137985
120762
111176
106021
103253
101775
100980
100553
100311
100178
100098
100054
100028
100014
100007
100003
100002
100001
100000
100000
100000
100000
100000
100000
100000
100000
100000
100000
100000
100000
100000
100000
100000
100000
100000
100000
100000
100000
100000
100000
100000
100000
100000
100000
100000
100000
100000
100000
100000
100000
100000
100000
100000
100000
100000
100000
100000
100000
100000
100000
100000
100000
100000
100000
100000
100000
100000
100000
100000
100000
100000
100000
100000
100000
100000
100000
100000
100000
100000
100000
100000
100000
100000
100000
100000
100000
100000
100000
100000
100000
100000
100000
100000
100000
100000
100000
100000
100000
100000
100000
100000
100000
100000
100000
100000
100000
100000
100000
100000
100000
100000
100000
100000
100000
100000
100000
100000
100000
100000
100000
100000
100000
100000
100000
100000
100000
100000
100000
100000
100000
100000
100000
100000
100000
100000
100000
100000
100000
100000
100000
100000
100000
100000
100000
100000
100000
100000
100000
100000
100000
100000
100000
100000
100000
100000
100000
100000
100000
100000
100000
100000
100000
100000
100000
100000
100000
100000
100000
100000
100000
100000
100000
100000
100000
100000
100000
100000
100000
100000
100000
100000
100000
100000
100000
100000
100000
100000
100000
100000
100000
100000
100000
100000
100000
100000
100000
100000
100000
100000
100000
100000
100000
100000
100000
100000
100000
100000
100000
100000
100000
100000
100000
100000
100000
100000
100000
100000
100000
100000
100000
100000
100000
100000
100000
100000
100000
100000
100000
100000
100000
100000
100000
100000
100000
100000
100000
100000
100000
100000
100000
100000
100000
100000
100000
100000
100000
100000
100000
100000
100000
100000
100000
100000
100000
100000
100000
100000
100000
100000
100000
100000
100000
100000
100000
100000
100000
100000
100000
100000
100000
100000
100000
100000
100000
100000
100000
100000
100000
100000
100000
100000
100000
100000
100000
100000
100000
100000
100000
100000
100000
100000
100000
100000
100000
100000
100000
100000
100000
100000
100000
100000
100000
100000
100000
100000
100000
100000
100000
100000
100000
100000
100000
100000
100000
100000
100000
100000
100000
100000
100000
100000
100000
100000
100000
100000
100000
100000
100000
100000
100000
100000
100000
100000
100000
100000
100000
100000
100000
100000
100000
100000
100000
100000
100000
100000
100000
100000
100000
100000
100000
100000
100000
100000
100000
100000
100000
100000
100000
100000
100000
100000
100000
100000
100000
100000
100000
100000
100000
100000
100000
100000
100000
100000
100000
100000
100000
100000
100000
100000
100000
100000
100000
100000
100000
100000
100000
100000
100000
100000
)
;

boundaryField
{
    sides
    {
        type            zeroGradient;
    }
    empty1
    {
        type            empty;
    }
    empty2
    {
        type            empty;
    }
}


// ************************************************************************* //
