/*--------------------------------*- C++ -*----------------------------------*\
| =========                 |                                                 |
| \\      /  F ield         | OpenFOAM: The Open Source CFD Toolbox           |
|  \\    /   O peration     | Version:  2312                                  |
|   \\  /    A nd           | Website:  www.openfoam.com                      |
|    \\/     M anipulation  |                                                 |
\*---------------------------------------------------------------------------*/
FoamFile
{
    version     2.0;
    format      ascii;
    arch        "LSB;label=32;scalar=64";
    class       surfaceScalarField;
    location    "5e-05";
    object      phiRhoHat_nei;
}
// * * * * * * * * * * * * * * * * * * * * * * * * * * * * * * * * * * * * * //

dimensions      [1 0 -1 0 0 0 0];

oriented        oriented;

internalField   nonuniform List<scalar> 
799
(
-1.01588e-32
-0
-3.05007e-17
-3.05007e-17
-0
-0
3.05007e-17
3.05007e-17
8.12701e-32
-0
-3.05007e-17
-0
-0
-3.05007e-17
3.05007e-17
-3.05007e-17
3.05007e-17
-3.05007e-17
-0
-0
-0
-0
-6.10014e-17
-6.10014e-17
3.05007e-17
3.05007e-17
-3.05007e-17
-0
-0
-0
-0
-3.05007e-17
3.05007e-17
-3.05007e-17
-3.38626e-33
-0
-0
3.05007e-17
1.52503e-17
-3.05007e-17
3.05007e-17
-0
3.05007e-17
-0
3.05007e-17
-3.05007e-17
3.05007e-17
3.05007e-17
-3.05007e-17
-0
-3.05007e-17
-0
-3.05007e-17
-2.87832e-31
-0
-3.05007e-17
-5.75664e-32
-0
3.05007e-17
3.05007e-17
6.09526e-32
-0
-3.05007e-17
-3.05007e-17
-3.05007e-17
-3.05007e-17
-3.05007e-17
-3.05007e-17
-6.10014e-17
-4.5751e-17
-0
-0
-3.05007e-17
3.05007e-17
1.52503e-17
-3.05007e-17
-3.05007e-17
-0
-0
-3.05007e-17
-0
-3.05007e-17
-0
-0
-0
-3.05007e-17
-3.05007e-17
-1.52503e-17
3.05007e-17
-0
-0
-0
-3.05007e-17
-3.05007e-17
3.05007e-17
1.52503e-17
-3.05007e-17
-3.38626e-33
-0
3.05007e-17
1.52503e-17
-3.05007e-17
-3.05007e-17
3.05007e-17
-3.05007e-17
-4.53758e-31
-0
-3.05007e-17
-3.42012e-31
-0
3.05007e-17
1.52503e-17
-3.05007e-17
-3.05007e-17
-3.05007e-17
-2.26879e-31
-0
-3.05007e-17
-3.05007e-17
-1.52503e-17
3.05007e-17
1.52503e-17
-3.05007e-17
3.05007e-17
-3.05007e-17
-3.05007e-17
-4.53758e-31
-0
3.05007e-17
-3.05007e-17
3.05007e-17
-0
-0
3.05007e-17
3.05007e-17
3.05007e-17
-3.05007e-17
-3.05007e-17
-0
-3.05007e-17
-0
-3.05007e-17
3.05007e-17
-3.05007e-17
-1.52503e-17
3.05007e-17
1.52503e-17
-3.05007e-17
-1.578e-30
-0
3.05007e-17
3.05007e-17
9.0413e-31
-0
-0
-3.05007e-17
-1.52503e-17
3.05007e-17
9.07517e-31
-0
-0
-0
-0
-0
-3.05007e-17
3.05007e-17
4.53758e-31
-0
-3.05007e-17
-3.05007e-17
-6.10014e-17
-0
-3.05007e-17
3.05007e-17
-3.05007e-17
-9.10903e-31
-0
3.05007e-17
-0
3.05007e-17
9.07517e-31
-0
-0
-3.05007e-17
-1.52503e-17
3.05007e-17
3.05007e-17
3.05007e-17
-3.05007e-17
-2.37377e-30
-0
-0
-0
-0
-3.05007e-17
-3.05007e-17
3.05007e-17
-0
3.05007e-17
1.52503e-17
-3.05007e-17
-3.38626e-33
-0
-0
-0
-3.05007e-17
-3.05007e-17
-3.38626e-33
-0
-3.05007e-17
-6.84024e-31
-0
-0
-0
-3.05007e-17
-3.05007e-17
-0
-3.05007e-17
-2.03853e-30
-0
-0
-3.05007e-17
-2.03853e-30
-0
3.05007e-17
-0
-0
3.05007e-17
-3.05007e-17
-6.84024e-31
-0
-3.05007e-17
-3.05007e-17
-0
-0
3.05007e-17
-3.05007e-17
-3.05007e-17
-0
-3.05007e-17
-0
-0
-6.10014e-17
3.05007e-17
-3.05007e-17
3.05007e-17
-3.05007e-17
-0
-3.05007e-17
3.05007e-17
-3.05007e-17
-0
-3.05007e-17
-1.58138e-30
-0
-3.05007e-17
-0
-3.05007e-17
-0
-0
3.05007e-17
-3.05007e-17
-0
-0
-0
-3.05007e-17
-0
-3.05007e-17
-0
-0
-0
3.05007e-17
-3.05007e-17
-0
-3.05007e-17
-3.05007e-17
-0
-3.05007e-17
-0
-3.05007e-17
-0
-0
-0
-0
-3.05007e-17
3.05007e-17
1.52503e-17
-3.05007e-17
-3.05007e-17
-0
-3.05007e-17
-0
-3.05007e-17
-3.05007e-17
-0
-3.05007e-17
-3.05007e-17
-0
-3.05007e-17
-0
-3.05007e-17
-3.38626e-33
-0
-0
-0
-3.05007e-17
-0
-3.05007e-17
-0
-3.05007e-17
-6.84024e-31
-0
-0
-3.05007e-17
-3.05007e-17
-3.05007e-17
-0
-3.05007e-17
-3.05007e-17
-0
-0
-0
-3.05007e-17
-2.26879e-31
-0
-0
-0
-3.05007e-17
-1.58138e-30
-0
-3.05007e-17
-3.05007e-17
-3.05007e-17
-0
-3.05007e-17
-3.05007e-17
-0
-3.05007e-17
-3.05007e-17
-0
-3.05007e-17
-3.05007e-17
3.05007e-17
-0
3.05007e-17
-6.10014e-17
-4.5751e-17
-0
-0
-0
3.05007e-17
-0
-0
-0
-0
-0
3.04946e-17
-3.04833e-17
-1.52311e-17
3.04196e-17
-3.03374e-17
-3.01888e-17
-0
-0
-0
-0
-0
2.57449e-17
2.42053e-17
8.37112e-31
-0
-3.76596e-17
8.44281e-18
-7.46066e-18
-0
-5.45112e-18
-4.43922e-18
-0
-2.56091e-18
-0
-0
-0
-0
-0
-0
-0
-0
-0
-4.74851e-19
-3.17721e-19
1.29244e-18
-0
1.58891e-18
8.83501e-19
-2.07249e-18
-5.25576e-32
-0
-0
-0.000112521
-17.3755
-72.4357
-73.2699
-73.2685
-73.2712
-73.2687
-73.2698
-73.2689
-73.2693
-73.2694
-73.27
-73.2701
-73.2701
-73.2702
-73.2702
-73.2701
-73.2702
-73.2702
-73.2702
-73.2702
-73.2701
-73.27
-73.2702
-73.2702
-73.27
-73.27
-73.27
-73.2702
-73.2702
-73.2702
-73.2702
-73.2702
-73.2702
-73.2701
-73.27
-73.2702
-73.2702
-73.27
-73.2702
-73.2702
-73.2702
-73.27
-73.2702
-73.2702
-73.2702
-73.2701
-73.27
-73.2702
-73.2702
-73.27
-73.27
-73.27
-73.2702
-73.2702
-73.2702
-73.2702
-73.2702
-73.2702
-73.2702
-73.2701
-73.2702
-73.2702
-73.27
-73.2702
-73.2702
-73.2702
-73.27
-73.27
-73.2702
-73.2702
-73.2702
-73.2702
-73.2702
-73.2702
-73.2701
-73.27
-73.27
-73.2702
-73.2702
-73.2702
-73.2702
-73.2702
-73.2702
-73.2702
-73.2701
-73.2702
-73.2702
-73.2702
-73.27
-73.2702
-73.2702
-73.2702
-73.2702
-73.2702
-73.2702
-73.2702
-73.2702
-73.2702
-73.2702
-73.2701
-73.2702
-73.2702
-73.2702
-73.2702
-73.2702
-73.2702
-73.2702
-73.2702
-73.2702
-73.2702
-73.2702
-73.2702
-73.2702
-73.2702
-73.2702
-73.2702
-73.2702
-73.2702
-73.2701
-73.2702
-73.2702
-73.27
-73.2702
-73.2702
-73.2702
-73.2702
-73.2702
-73.2702
-73.2702
-73.2702
-73.2702
-73.2702
-73.2702
-73.27
-73.2702
-73.2702
-73.2702
-73.2702
-73.2702
-73.2702
-73.2702
-73.2702
-73.2702
-73.2702
-73.2702
-73.2702
-73.2702
-73.2702
-73.2702
-73.2702
-73.2702
-73.2702
-73.2702
-73.2702
-73.2702
-73.2702
-73.2702
-73.2702
-73.2702
-73.2702
-73.2702
-73.2702
-73.27
-73.2702
-73.2702
-73.2702
-73.2702
-73.27
-73.2702
-73.2702
-73.2702
-73.2701
-73.2702
-73.2702
-73.2702
-73.2701
-73.2702
-73.2702
-73.2702
-73.2702
-73.2702
-73.2702
-73.2702
-73.27
-73.2702
-73.2702
-73.2702
-73.2702
-73.2702
-73.2702
-73.2702
-73.2702
-73.2702
-73.2702
-73.2702
-73.2702
-73.2702
-73.2702
-73.2702
-73.2701
-73.2701
-73.2702
-73.2702
-73.2702
-73.2702
-73.2702
-73.2702
-73.2702
-73.2702
-73.2702
-73.2702
-73.2702
-73.2701
-73.2701
-73.2702
-73.2702
-73.2702
-73.2702
-73.2702
-73.2702
-73.2702
-73.2702
-73.2702
-73.2702
-73.2702
-73.2701
-73.27
-73.2702
-73.2702
-73.2702
-73.2702
-73.2702
-73.2702
-73.2702
-73.2702
-73.2702
-73.2702
-73.2702
-73.2702
-73.2702
-73.2702
-73.2702
-73.2702
-73.2702
-73.2702
-73.2702
-73.2702
-73.2702
-73.2702
-73.2702
-73.2702
-73.2702
-73.2702
-73.2702
-73.27
-73.27
-73.2702
-73.2702
-73.2702
-73.2702
-73.2702
-73.2702
-73.2702
-73.2702
-73.2702
-73.2702
-73.2702
-73.2702
-73.2702
-73.2702
-73.2702
-73.2702
-73.2702
-73.2702
-73.2702
-73.2702
-73.2702
-73.2702
-73.2702
-73.2701
-73.27
-73.2702
-73.2702
-73.2702
-73.2702
-73.2702
-73.2702
-73.2702
-73.2702
-73.2702
-73.2702
-73.2702
-73.2701
-73.2702
-73.2702
-73.2702
-73.2702
-73.2702
-73.2702
-73.2702
-73.2702
-73.2702
-73.2702
-73.2702
-73.2702
-73.2701
-73.2702
-73.2702
-73.2701
-73.2702
-73.2702
-73.2702
-73.2702
-73.2702
-73.2702
-73.2702
-73.2702
-73.2702
-73.2702
-73.2702
-73.2702
-73.2702
-73.2702
-73.2702
-73.2702
-73.2701
-73.2702
-73.2702
-73.2702
-73.2702
-73.2702
-73.2702
-73.2702
-73.2702
-73.2702
-73.2702
-73.2702
-73.2702
-73.2702
-73.2702
-73.2702
-73.2701
-73.2702
-73.2702
-73.2702
-73.2702
-73.2702
-73.2702
-73.2702
-73.2702
-73.2702
-73.2701
-73.2701
-73.2701
-73.2701
-73.2702
-73.2702
-73.2702
-73.2702
-73.2702
-73.2702
-73.2702
-73.2702
-73.2702
-73.2702
-73.2702
-73.2702
-73.2701
-73.2701
-73.2702
-73.2702
-73.2702
-73.2702
-73.2702
-73.2701
-73.2701
-73.27
-73.2702
-73.2702
-73.2702
-73.2701
-73.2701
-73.2702
-73.2702
-73.2702
-73.2702
-73.2702
-73.2701
-73.2702
-73.2702
-73.2702
-73.2702
-73.2702
-73.2702
-73.2702
-73.2702
-73.2702
-73.2702
-73.2702
-73.2702
)
;

boundaryField
{
    sides
    {
        type            calculated;
        value           nonuniform List<scalar> 2(-73.2702 -3.05007e-17);
    }
    empty1
    {
        type            empty;
        value           nonuniform List<scalar> 0();
    }
    empty2
    {
        type            empty;
        value           nonuniform List<scalar> 0();
    }
}


// ************************************************************************* //
