/*--------------------------------*- C++ -*----------------------------------*\
| =========                 |                                                 |
| \\      /  F ield         | OpenFOAM: The Open Source CFD Toolbox           |
|  \\    /   O peration     | Version:  2312                                  |
|   \\  /    A nd           | Website:  www.openfoam.com                      |
|    \\/     M anipulation  |                                                 |
\*---------------------------------------------------------------------------*/
FoamFile
{
    version     2.0;
    format      ascii;
    arch        "LSB;label=32;scalar=64";
    class       surfaceScalarField;
    location    "5e-05";
    object      phiRhoHat_own;
}
// * * * * * * * * * * * * * * * * * * * * * * * * * * * * * * * * * * * * * //

dimensions      [1 0 -1 0 0 0 0];

oriented        oriented;

internalField   nonuniform List<scalar> 
799
(
3.05007e-17
0
0
3.05007e-17
3.05007e-17
0
-3.38626e-33
-3.05007e-17
-3.05007e-17
0
0
3.05007e-17
0
8.46564e-32
3.05007e-17
-3.05007e-17
3.05007e-17
-3.05007e-17
3.05007e-17
0
0
0
0
6.10014e-17
6.10014e-17
-3.05007e-17
-3.05007e-17
3.05007e-17
0
0
0
3.38626e-33
3.05007e-17
-3.05007e-17
3.05007e-17
0
0
0
-3.05007e-17
1.52503e-17
3.05007e-17
-3.05007e-17
0
-3.05007e-17
0
-3.05007e-17
3.05007e-17
-3.05007e-17
-3.05007e-17
3.05007e-17
0
3.05007e-17
0
3.05007e-17
0
3.38626e-33
3.05007e-17
0
0
-3.05007e-17
-3.05007e-17
0
2.87832e-31
3.05007e-17
3.05007e-17
3.05007e-17
3.05007e-17
3.05007e-17
3.05007e-17
6.10014e-17
1.52503e-17
0
3.38626e-33
3.05007e-17
-3.05007e-17
1.52503e-17
3.05007e-17
3.05007e-17
0
5.62119e-31
3.05007e-17
0
3.05007e-17
0
0
0
3.05007e-17
3.05007e-17
-1.52503e-17
-3.05007e-17
0
0
0
3.05007e-17
3.05007e-17
-3.05007e-17
1.52503e-17
3.05007e-17
0
-2.87832e-31
-3.05007e-17
1.52503e-17
3.05007e-17
3.05007e-17
-3.05007e-17
3.05007e-17
0
0
3.05007e-17
0
0
-3.05007e-17
1.52503e-17
3.05007e-17
3.05007e-17
3.05007e-17
0
0
3.05007e-17
3.05007e-17
-1.52503e-17
-3.05007e-17
1.52503e-17
3.05007e-17
-3.05007e-17
3.05007e-17
3.05007e-17
0
0
-3.05007e-17
3.05007e-17
-3.05007e-17
0
0
-3.05007e-17
-3.05007e-17
-3.05007e-17
3.05007e-17
3.05007e-17
0
3.05007e-17
0
3.05007e-17
-3.05007e-17
3.05007e-17
-1.52503e-17
-3.05007e-17
1.52503e-17
3.05007e-17
0
0
-3.05007e-17
-3.05007e-17
0
0
0
3.05007e-17
-1.52503e-17
-3.05007e-17
0
0
0
0
0
0
3.05007e-17
-3.05007e-17
0
1.18519e-31
3.05007e-17
3.05007e-17
6.10014e-17
0
3.05007e-17
-3.05007e-17
3.05007e-17
0
0
-3.05007e-17
0
-3.05007e-17
0
0
0
3.05007e-17
-1.52503e-17
-3.05007e-17
-3.05007e-17
-3.05007e-17
3.05007e-17
0
0
0
0
0
3.05007e-17
3.05007e-17
-3.05007e-17
0
-3.05007e-17
1.52503e-17
3.05007e-17
0
0
0
0
3.05007e-17
3.05007e-17
0
0
3.05007e-17
0
0
0
0
3.05007e-17
3.05007e-17
0
3.05007e-17
0
0
0
3.05007e-17
0
0
-3.05007e-17
0
0
-3.05007e-17
3.05007e-17
0
2.30265e-31
3.05007e-17
3.05007e-17
0
0
-3.05007e-17
3.05007e-17
3.05007e-17
0
3.05007e-17
0
4.60531e-31
6.10014e-17
-3.05007e-17
3.05007e-17
-3.05007e-17
3.05007e-17
0
3.05007e-17
-3.05007e-17
3.05007e-17
0
3.05007e-17
0
0
3.05007e-17
0
3.05007e-17
0
0
-3.05007e-17
3.05007e-17
0
0
0
3.05007e-17
0
3.05007e-17
0
0
0
-3.05007e-17
3.05007e-17
0
3.05007e-17
3.05007e-17
0
3.05007e-17
0
3.05007e-17
0
0
0
0
3.05007e-17
-3.05007e-17
1.52503e-17
3.05007e-17
3.05007e-17
0
3.05007e-17
0
3.05007e-17
3.05007e-17
0
3.05007e-17
3.05007e-17
0
3.05007e-17
0
3.05007e-17
0
0
0
0
3.05007e-17
0
3.05007e-17
0
3.05007e-17
0
0
0
3.05007e-17
3.05007e-17
3.05007e-17
0
3.05007e-17
3.05007e-17
0
0
0
3.05007e-17
0
0
0
0
3.05007e-17
0
0
3.05007e-17
3.05007e-17
3.05007e-17
0
3.05007e-17
3.05007e-17
0
3.05007e-17
3.05007e-17
0
3.05007e-17
3.05007e-17
-3.05007e-17
0
-3.05007e-17
6.10014e-17
1.52503e-17
0
0
0
-3.05007e-17
0
0
0
0
-3.38659e-33
-3.0509e-17
3.052e-17
-1.52711e-17
-3.05866e-17
3.06692e-17
3.08134e-17
0
0
0
0
-4.97408e-31
-3.4442e-17
-3.55623e-17
0
0
7.86202e-17
-2.03115e-17
2.09881e-17
0
2.23585e-17
2.30395e-17
0
2.4258e-17
0
0
0
0
0
0
0
0
0
1.38067e-17
-7.14967e-18
-1.40705e-17
0
-1.47951e-17
7.48155e-18
1.50384e-17
0
0
6.05854e-18
0.000375546
72.1832
73.3023
73.2957
73.2973
73.2908
73.2897
73.2845
73.282
73.2786
73.2758
73.2735
73.272
73.2712
73.2707
73.2704
73.2703
73.2703
73.2702
73.2702
73.2701
73.27
73.2702
73.2702
73.27
73.27
73.27
73.2702
73.2702
73.2702
73.2702
73.2702
73.2702
73.2701
73.27
73.2702
73.2702
73.27
73.2702
73.2702
73.2702
73.27
73.2702
73.2702
73.2702
73.2701
73.27
73.2702
73.2702
73.27
73.27
73.27
73.2702
73.2702
73.2702
73.2702
73.2702
73.2702
73.2702
73.2701
73.2702
73.2702
73.27
73.2702
73.2702
73.2702
73.27
73.27
73.2702
73.2702
73.2702
73.2702
73.2702
73.2702
73.2701
73.27
73.27
73.2702
73.2702
73.2702
73.2702
73.2702
73.2702
73.2702
73.2701
73.2702
73.2702
73.2702
73.27
73.2702
73.2702
73.2702
73.2702
73.2702
73.2702
73.2702
73.2702
73.2702
73.2702
73.2701
73.2702
73.2702
73.2702
73.2702
73.2702
73.2702
73.2702
73.2702
73.2702
73.2702
73.2702
73.2702
73.2702
73.2702
73.2702
73.2702
73.2702
73.2702
73.2701
73.2702
73.2702
73.27
73.2702
73.2702
73.2702
73.2702
73.2702
73.2702
73.2702
73.2702
73.2702
73.2702
73.2702
73.27
73.2702
73.2702
73.2702
73.2702
73.2702
73.2702
73.2702
73.2702
73.2702
73.2702
73.2702
73.2702
73.2702
73.2702
73.2702
73.2702
73.2702
73.2702
73.2702
73.2702
73.2702
73.2702
73.2702
73.2702
73.2702
73.2702
73.2702
73.2702
73.27
73.2702
73.2702
73.2702
73.2702
73.27
73.2702
73.2702
73.2702
73.2701
73.2702
73.2702
73.2702
73.2701
73.2702
73.2702
73.2702
73.2702
73.2702
73.2702
73.2702
73.27
73.2702
73.2702
73.2702
73.2702
73.2702
73.2702
73.2702
73.2702
73.2702
73.2702
73.2702
73.2702
73.2702
73.2702
73.2702
73.2701
73.2701
73.2702
73.2702
73.2702
73.2702
73.2702
73.2702
73.2702
73.2702
73.2702
73.2702
73.2702
73.2701
73.2701
73.2702
73.2702
73.2702
73.2702
73.2702
73.2702
73.2702
73.2702
73.2702
73.2702
73.2702
73.2701
73.27
73.2702
73.2702
73.2702
73.2702
73.2702
73.2702
73.2702
73.2702
73.2702
73.2702
73.2702
73.2702
73.2702
73.2702
73.2702
73.2702
73.2702
73.2702
73.2702
73.2702
73.2702
73.2702
73.2702
73.2702
73.2702
73.2702
73.2702
73.27
73.27
73.2702
73.2702
73.2702
73.2702
73.2702
73.2702
73.2702
73.2702
73.2702
73.2702
73.2702
73.2702
73.2702
73.2702
73.2702
73.2702
73.2702
73.2702
73.2702
73.2702
73.2702
73.2702
73.2702
73.2701
73.27
73.2702
73.2702
73.2702
73.2702
73.2702
73.2702
73.2702
73.2702
73.2702
73.2702
73.2702
73.2701
73.2702
73.2702
73.2702
73.2702
73.2702
73.2702
73.2702
73.2702
73.2702
73.2702
73.2702
73.2702
73.2701
73.2702
73.2702
73.2701
73.2702
73.2702
73.2702
73.2702
73.2702
73.2702
73.2702
73.2702
73.2702
73.2702
73.2702
73.2702
73.2702
73.2702
73.2702
73.2702
73.2701
73.2702
73.2702
73.2702
73.2702
73.2702
73.2702
73.2702
73.2702
73.2702
73.2702
73.2702
73.2702
73.2702
73.2702
73.2702
73.2701
73.2702
73.2702
73.2702
73.2702
73.2702
73.2702
73.2702
73.2702
73.2702
73.2701
73.2701
73.2701
73.2701
73.2702
73.2702
73.2702
73.2702
73.2702
73.2702
73.2702
73.2702
73.2702
73.2702
73.2702
73.2702
73.2701
73.2701
73.2702
73.2702
73.2702
73.2702
73.2702
73.2701
73.2701
73.27
73.2702
73.2702
73.2702
73.2701
73.2701
73.2702
73.2702
73.2702
73.2702
73.2702
73.2701
73.2702
73.2702
73.2702
73.2702
73.2702
73.2702
73.2702
73.2702
73.2702
73.2702
73.2702
73.2702
)
;

boundaryField
{
    sides
    {
        type            calculated;
        value           nonuniform List<scalar> 2(73.2702 3.05007e-17);
    }
    empty1
    {
        type            empty;
        value           nonuniform List<scalar> 0();
    }
    empty2
    {
        type            empty;
        value           nonuniform List<scalar> 0();
    }
}


// ************************************************************************* //
