/*--------------------------------*- C++ -*----------------------------------*\
| =========                 |                                                 |
| \\      /  F ield         | OpenFOAM: The Open Source CFD Toolbox           |
|  \\    /   O peration     | Version:  2312                                  |
|   \\  /    A nd           | Website:  www.openfoam.com                      |
|    \\/     M anipulation  |                                                 |
\*---------------------------------------------------------------------------*/
FoamFile
{
    version     2.0;
    format      ascii;
    arch        "LSB;label=32;scalar=64";
    class       volScalarField;
    location    "5e-05";
    object      rho;
}
// * * * * * * * * * * * * * * * * * * * * * * * * * * * * * * * * * * * * * //

dimensions      [1 -3 0 0 0 0 0];

internalField   nonuniform List<scalar> 
800
(
11.8858
11.8858
11.8858
11.8858
11.8858
11.8858
11.8858
11.8858
11.8858
11.8858
11.8858
11.8858
11.8858
11.8858
11.8858
11.8858
11.8858
11.8858
11.8858
11.8858
11.8858
11.8858
11.8858
11.8858
11.8858
11.8858
11.8858
11.8858
11.8858
11.8858
11.8858
11.8858
11.8858
11.8858
11.8858
11.8858
11.8858
11.8858
11.8858
11.8858
11.8858
11.8858
11.8858
11.8858
11.8858
11.8858
11.8858
11.8858
11.8858
11.8858
11.8858
11.8858
11.8858
11.8858
11.8858
11.8858
11.8858
11.8858
11.8858
11.8858
11.8858
11.8858
11.8858
11.8858
11.8858
11.8858
11.8858
11.8858
11.8858
11.8858
11.8858
11.8858
11.8858
11.8858
11.8858
11.8858
11.8858
11.8858
11.8858
11.8858
11.8858
11.8858
11.8858
11.8858
11.8858
11.8858
11.8858
11.8858
11.8858
11.8858
11.8858
11.8858
11.8858
11.8858
11.8858
11.8858
11.8858
11.8858
11.8858
11.8858
11.8858
11.8858
11.8858
11.8858
11.8858
11.8858
11.8858
11.8858
11.8858
11.8858
11.8858
11.8858
11.8858
11.8858
11.8858
11.8858
11.8858
11.8858
11.8858
11.8858
11.8858
11.8858
11.8858
11.8858
11.8858
11.8858
11.8858
11.8858
11.8858
11.8858
11.8858
11.8858
11.8858
11.8858
11.8858
11.8858
11.8858
11.8858
11.8858
11.8858
11.8858
11.8858
11.8858
11.8858
11.8858
11.8858
11.8858
11.8858
11.8858
11.8858
11.8858
11.8858
11.8858
11.8858
11.8858
11.8858
11.8858
11.8858
11.8858
11.8858
11.8858
11.8858
11.8858
11.8858
11.8858
11.8858
11.8858
11.8858
11.8858
11.8858
11.8858
11.8858
11.8858
11.8858
11.8858
11.8858
11.8858
11.8858
11.8858
11.8858
11.8858
11.8858
11.8858
11.8858
11.8858
11.8858
11.8858
11.8858
11.8858
11.8858
11.8858
11.8858
11.8858
11.8858
11.8858
11.8858
11.8858
11.8858
11.8858
11.8858
11.8858
11.8858
11.8858
11.8858
11.8858
11.8858
11.8858
11.8858
11.8858
11.8858
11.8858
11.8858
11.8858
11.8858
11.8858
11.8858
11.8858
11.8858
11.8858
11.8858
11.8858
11.8858
11.8858
11.8858
11.8858
11.8858
11.8858
11.8858
11.8858
11.8858
11.8858
11.8858
11.8858
11.8858
11.8858
11.8858
11.8858
11.8858
11.8858
11.8858
11.8858
11.8858
11.8858
11.8858
11.8858
11.8858
11.8858
11.8858
11.8858
11.8858
11.8858
11.8858
11.8858
11.8858
11.8858
11.8858
11.8858
11.8858
11.8858
11.8858
11.8858
11.8858
11.8858
11.8858
11.8858
11.8858
11.8858
11.8858
11.8858
11.8858
11.8858
11.8858
11.8858
11.8858
11.8858
11.8858
11.8858
11.8858
11.8858
11.8858
11.8858
11.8858
11.8858
11.8858
11.8858
11.8858
11.8858
11.8858
11.8858
11.8858
11.8858
11.8858
11.8858
11.8858
11.8858
11.8858
11.8858
11.8858
11.8858
11.8858
11.8858
11.8858
11.8858
11.8858
11.8858
11.8858
11.8858
11.8858
11.8858
11.8858
11.8858
11.8858
11.8858
11.8858
11.8858
11.8858
11.8858
11.8858
11.8858
11.8858
11.8858
11.8858
11.8858
11.8858
11.8858
11.8858
11.8858
11.8858
11.8858
11.8858
11.8858
11.8858
11.8858
11.8858
11.8858
11.8858
11.8858
11.8858
11.8858
11.8858
11.8858
11.8858
11.8858
11.8858
11.8858
11.8858
11.8858
11.8858
11.8858
11.8858
11.8858
11.8858
11.8858
11.8858
11.8857
11.8855
11.8848
11.8829
11.8788
11.8705
11.8537
11.8218
11.7652
11.6711
11.5257
11.3168
11.0377
10.6891
10.2793
9.82498
9.34649
8.86673
8.3754
7.90731
7.43732
7.0017
6.56245
6.15776
5.7806
5.45711
5.18703
5.01384
4.85051
4.8187
4.63967
4.65798
4.37628
4.33071
3.99438
3.78252
3.59905
3.4665
3.13371
2.92503
2.79197
2.68419
2.58925
2.56408
3.10668
6.44012
996.032
999.699
999.719
999.686
999.674
999.645
999.626
999.598
999.577
999.554
999.533
999.519
999.51
999.505
999.503
999.502
999.501
999.5
999.5
999.5
999.5
999.5
999.5
999.5
999.5
999.5
999.5
999.5
999.5
999.5
999.5
999.5
999.5
999.5
999.5
999.5
999.5
999.5
999.5
999.5
999.5
999.5
999.5
999.5
999.5
999.5
999.5
999.5
999.5
999.5
999.5
999.5
999.5
999.5
999.5
999.5
999.5
999.5
999.5
999.5
999.5
999.5
999.5
999.5
999.5
999.5
999.5
999.5
999.5
999.5
999.5
999.5
999.5
999.5
999.5
999.5
999.5
999.5
999.5
999.5
999.5
999.5
999.5
999.5
999.5
999.5
999.5
999.5
999.5
999.5
999.5
999.5
999.5
999.5
999.5
999.5
999.5
999.5
999.5
999.5
999.5
999.5
999.5
999.5
999.5
999.5
999.5
999.5
999.5
999.5
999.5
999.5
999.5
999.5
999.5
999.5
999.5
999.5
999.5
999.5
999.5
999.5
999.5
999.5
999.5
999.5
999.5
999.5
999.5
999.5
999.5
999.5
999.5
999.5
999.5
999.5
999.5
999.5
999.5
999.5
999.5
999.5
999.5
999.5
999.5
999.5
999.5
999.5
999.5
999.5
999.5
999.5
999.5
999.5
999.5
999.5
999.5
999.5
999.5
999.5
999.5
999.5
999.5
999.5
999.5
999.5
999.5
999.5
999.5
999.5
999.5
999.5
999.5
999.5
999.5
999.5
999.5
999.5
999.5
999.5
999.5
999.5
999.5
999.5
999.5
999.5
999.5
999.5
999.5
999.5
999.5
999.5
999.5
999.5
999.5
999.5
999.5
999.5
999.5
999.5
999.5
999.5
999.5
999.5
999.5
999.5
999.5
999.5
999.5
999.5
999.5
999.5
999.5
999.5
999.5
999.5
999.5
999.5
999.5
999.5
999.5
999.5
999.5
999.5
999.5
999.5
999.5
999.5
999.5
999.5
999.5
999.5
999.5
999.5
999.5
999.5
999.5
999.5
999.5
999.5
999.5
999.5
999.5
999.5
999.5
999.5
999.5
999.5
999.5
999.5
999.5
999.5
999.5
999.5
999.5
999.5
999.5
999.5
999.5
999.5
999.5
999.5
999.5
999.5
999.5
999.5
999.5
999.5
999.5
999.5
999.5
999.5
999.5
999.5
999.5
999.5
999.5
999.5
999.5
999.5
999.5
999.5
999.5
999.5
999.5
999.5
999.5
999.5
999.5
999.5
999.5
999.5
999.5
999.5
999.5
999.5
999.5
999.5
999.5
999.5
999.5
999.5
999.5
999.5
999.5
999.5
999.5
999.5
999.5
999.5
999.5
999.5
999.5
999.5
999.5
999.5
999.5
999.5
999.5
999.5
999.5
999.5
999.5
999.5
999.5
999.5
999.5
999.5
999.5
999.5
999.5
999.5
999.5
999.5
999.5
999.5
999.5
999.5
999.5
999.5
999.5
999.5
999.5
999.5
999.5
999.5
999.5
999.5
999.5
999.5
999.5
999.5
999.5
999.5
999.5
999.5
999.5
999.5
999.5
999.5
999.5
999.5
999.5
999.5
999.5
999.5
999.5
999.5
999.5
999.5
999.5
999.5
999.5
999.5
999.5
999.5
999.5
999.5
999.5
999.5
999.5
999.5
999.5
999.5
999.5
999.5
999.5
999.5
999.5
999.5
999.5
999.5
999.5
999.5
999.5
999.5
999.5
999.5
999.5
999.5
)
;

boundaryField
{
    sides
    {
        type            calculated;
        value           nonuniform List<scalar> 2(999.5 11.8858);
    }
    empty1
    {
        type            empty;
    }
    empty2
    {
        type            empty;
    }
}


// ************************************************************************* //
