/*--------------------------------*- C++ -*----------------------------------*\
| =========                 |                                                 |
| \\      /  F ield         | OpenFOAM: The Open Source CFD Toolbox           |
|  \\    /   O peration     | Version:  2312                                  |
|   \\  /    A nd           | Website:  www.openfoam.com                      |
|    \\/     M anipulation  |                                                 |
\*---------------------------------------------------------------------------*/
FoamFile
{
    version     2.0;
    format      ascii;
    arch        "LSB;label=32;scalar=64";
    class       volScalarField;
    location    "5e-05";
    object      thermo:psiLiqEff;
}
// * * * * * * * * * * * * * * * * * * * * * * * * * * * * * * * * * * * * * //

dimensions      [-2 4 2 0 0 0 0];

internalField   nonuniform List<scalar> 
800
(
4.87377e-13
4.87377e-13
4.87377e-13
4.87377e-13
4.87377e-13
4.87377e-13
4.87377e-13
4.87377e-13
4.87377e-13
4.87377e-13
4.87377e-13
4.87377e-13
4.87377e-13
4.87377e-13
4.87377e-13
4.87377e-13
4.87377e-13
4.87377e-13
4.87377e-13
4.87377e-13
4.87377e-13
4.87377e-13
4.87377e-13
4.87377e-13
4.87377e-13
4.87377e-13
4.87377e-13
4.87377e-13
4.87377e-13
4.87377e-13
4.87377e-13
4.87377e-13
4.87377e-13
4.87377e-13
4.87377e-13
4.87377e-13
4.87377e-13
4.87377e-13
4.87377e-13
4.87377e-13
4.87377e-13
4.87377e-13
4.87377e-13
4.87377e-13
4.87377e-13
4.87377e-13
4.87377e-13
4.87377e-13
4.87377e-13
4.87377e-13
4.87377e-13
4.87377e-13
4.87377e-13
4.87377e-13
4.87377e-13
4.87377e-13
4.87377e-13
4.87377e-13
4.87377e-13
4.87377e-13
4.87377e-13
4.87377e-13
4.87377e-13
4.87377e-13
4.87377e-13
4.87377e-13
4.87377e-13
4.87377e-13
4.87377e-13
4.87377e-13
4.87377e-13
4.87377e-13
4.87377e-13
4.87377e-13
4.87377e-13
4.87377e-13
4.87377e-13
4.87377e-13
4.87377e-13
4.87377e-13
4.87377e-13
4.87377e-13
4.87377e-13
4.87377e-13
4.87377e-13
4.87377e-13
4.87377e-13
4.87377e-13
4.87377e-13
4.87377e-13
4.87377e-13
4.87377e-13
4.87377e-13
4.87377e-13
4.87377e-13
4.87377e-13
4.87377e-13
4.87377e-13
4.87377e-13
4.87377e-13
4.87377e-13
4.87377e-13
4.87377e-13
4.87377e-13
4.87377e-13
4.87377e-13
4.87377e-13
4.87377e-13
4.87377e-13
4.87377e-13
4.87377e-13
4.87377e-13
4.87377e-13
4.87377e-13
4.87377e-13
4.87377e-13
4.87377e-13
4.87377e-13
4.87377e-13
4.87377e-13
4.87377e-13
4.87377e-13
4.87377e-13
4.87377e-13
4.87377e-13
4.87377e-13
4.87377e-13
4.87377e-13
4.87377e-13
4.87377e-13
4.87377e-13
4.87377e-13
4.87377e-13
4.87377e-13
4.87377e-13
4.87377e-13
4.87377e-13
4.87377e-13
4.87377e-13
4.87377e-13
4.87377e-13
4.87377e-13
4.87377e-13
4.87377e-13
4.87377e-13
4.87377e-13
4.87377e-13
4.87377e-13
4.87377e-13
4.87377e-13
4.87377e-13
4.87377e-13
4.87377e-13
4.87377e-13
4.87377e-13
4.87377e-13
4.87377e-13
4.87377e-13
4.87377e-13
4.87377e-13
4.87377e-13
4.87377e-13
4.87377e-13
4.87377e-13
4.87377e-13
4.87377e-13
4.87377e-13
4.87377e-13
4.87377e-13
4.87377e-13
4.87377e-13
4.87377e-13
4.87377e-13
4.87377e-13
4.87377e-13
4.87377e-13
4.87377e-13
4.87377e-13
4.87377e-13
4.87377e-13
4.87377e-13
4.87377e-13
4.87377e-13
4.87377e-13
4.87377e-13
4.87377e-13
4.87377e-13
4.87377e-13
4.87377e-13
4.87377e-13
4.87377e-13
4.87377e-13
4.87377e-13
4.87377e-13
4.87377e-13
4.87377e-13
4.87377e-13
4.87377e-13
4.87377e-13
4.87377e-13
4.87377e-13
4.87377e-13
4.87377e-13
4.87377e-13
4.87377e-13
4.87377e-13
4.87377e-13
4.87377e-13
4.87377e-13
4.87377e-13
4.87377e-13
4.87377e-13
4.87377e-13
4.87377e-13
4.87377e-13
4.87377e-13
4.87377e-13
4.87377e-13
4.87377e-13
4.87377e-13
4.87377e-13
4.87377e-13
4.87377e-13
4.87377e-13
4.87377e-13
4.87377e-13
4.87377e-13
4.87377e-13
4.87377e-13
4.87377e-13
4.87377e-13
4.87377e-13
4.87377e-13
4.87377e-13
4.87377e-13
4.87377e-13
4.87377e-13
4.87377e-13
4.87377e-13
4.87377e-13
4.87377e-13
4.87377e-13
4.87377e-13
4.87377e-13
4.87377e-13
4.87377e-13
4.87377e-13
4.87377e-13
4.87377e-13
4.87377e-13
4.87377e-13
4.87377e-13
4.87377e-13
4.87377e-13
4.87377e-13
4.87377e-13
4.87377e-13
4.87377e-13
4.87377e-13
4.87377e-13
4.87377e-13
4.87377e-13
4.87377e-13
4.87377e-13
4.87377e-13
4.87377e-13
4.87377e-13
4.87377e-13
4.87377e-13
4.87377e-13
4.87377e-13
4.87377e-13
4.87377e-13
4.87377e-13
4.87377e-13
4.87377e-13
4.87377e-13
4.87377e-13
4.87377e-13
4.87377e-13
4.87377e-13
4.87377e-13
4.87377e-13
4.87377e-13
4.87377e-13
4.87377e-13
4.87377e-13
4.87377e-13
4.87377e-13
4.87377e-13
4.87377e-13
4.87377e-13
4.87377e-13
4.87377e-13
4.87377e-13
4.87377e-13
4.87377e-13
4.87377e-13
4.87377e-13
4.87377e-13
4.87377e-13
4.87377e-13
4.87377e-13
4.87377e-13
4.87377e-13
4.87377e-13
4.87377e-13
4.87377e-13
4.87377e-13
4.87377e-13
4.87377e-13
4.87377e-13
4.87377e-13
4.87377e-13
4.87377e-13
4.87377e-13
4.87377e-13
4.87377e-13
4.87377e-13
4.87377e-13
4.87377e-13
4.87377e-13
4.87377e-13
4.87377e-13
4.87377e-13
4.87377e-13
4.87377e-13
4.87377e-13
4.87377e-13
4.87377e-13
4.87377e-13
4.87377e-13
4.87377e-13
4.87377e-13
4.87377e-13
4.87377e-13
4.87377e-13
4.87377e-13
4.87377e-13
4.87377e-13
4.87377e-13
4.87377e-13
4.87377e-13
4.87377e-13
4.87377e-13
4.87377e-13
4.87377e-13
4.87377e-13
4.87377e-13
4.87377e-13
4.87377e-13
4.87377e-13
4.87377e-13
4.87378e-13
4.87378e-13
4.87382e-13
4.87404e-13
4.87475e-13
4.87595e-13
4.87836e-13
4.88296e-13
4.89125e-13
4.90523e-13
4.9273e-13
4.95995e-13
5.0053e-13
5.06476e-13
5.13877e-13
5.22681e-13
5.32687e-13
5.43666e-13
5.55494e-13
5.6799e-13
5.81291e-13
5.94919e-13
6.09418e-13
6.24051e-13
6.39112e-13
6.52924e-13
6.64294e-13
6.71782e-13
6.76012e-13
6.75042e-13
6.69491e-13
6.67007e-13
6.49297e-13
6.40165e-13
6.10233e-13
5.89578e-13
5.56759e-13
5.31355e-13
4.73364e-13
4.47108e-13
4.21347e-13
4.0593e-13
3.84988e-13
3.64308e-13
3.46288e-13
3.42211e-13
4.56274e-13
4.87064e-13
4.87398e-13
4.87428e-13
4.87474e-13
4.875e-13
4.87547e-13
4.87587e-13
4.87631e-13
4.8767e-13
4.8771e-13
4.87748e-13
4.87773e-13
4.87787e-13
4.87796e-13
4.878e-13
4.87802e-13
4.87804e-13
4.87804e-13
4.87805e-13
4.87805e-13
4.87805e-13
4.87805e-13
4.87805e-13
4.87805e-13
4.87805e-13
4.87805e-13
4.87805e-13
4.87805e-13
4.87805e-13
4.87805e-13
4.87805e-13
4.87805e-13
4.87805e-13
4.87805e-13
4.87805e-13
4.87805e-13
4.87805e-13
4.87805e-13
4.87805e-13
4.87805e-13
4.87805e-13
4.87805e-13
4.87805e-13
4.87805e-13
4.87805e-13
4.87805e-13
4.87805e-13
4.87805e-13
4.87805e-13
4.87805e-13
4.87805e-13
4.87805e-13
4.87805e-13
4.87805e-13
4.87805e-13
4.87805e-13
4.87805e-13
4.87805e-13
4.87805e-13
4.87805e-13
4.87805e-13
4.87805e-13
4.87805e-13
4.87805e-13
4.87805e-13
4.87805e-13
4.87805e-13
4.87805e-13
4.87805e-13
4.87805e-13
4.87805e-13
4.87805e-13
4.87805e-13
4.87805e-13
4.87805e-13
4.87805e-13
4.87805e-13
4.87805e-13
4.87805e-13
4.87805e-13
4.87805e-13
4.87805e-13
4.87805e-13
4.87805e-13
4.87805e-13
4.87805e-13
4.87805e-13
4.87805e-13
4.87805e-13
4.87805e-13
4.87805e-13
4.87805e-13
4.87805e-13
4.87805e-13
4.87805e-13
4.87805e-13
4.87805e-13
4.87805e-13
4.87805e-13
4.87805e-13
4.87805e-13
4.87805e-13
4.87805e-13
4.87805e-13
4.87805e-13
4.87805e-13
4.87805e-13
4.87805e-13
4.87805e-13
4.87805e-13
4.87805e-13
4.87805e-13
4.87805e-13
4.87805e-13
4.87805e-13
4.87805e-13
4.87805e-13
4.87805e-13
4.87805e-13
4.87805e-13
4.87805e-13
4.87805e-13
4.87805e-13
4.87805e-13
4.87805e-13
4.87805e-13
4.87805e-13
4.87805e-13
4.87805e-13
4.87805e-13
4.87805e-13
4.87805e-13
4.87805e-13
4.87805e-13
4.87805e-13
4.87805e-13
4.87805e-13
4.87805e-13
4.87805e-13
4.87805e-13
4.87805e-13
4.87805e-13
4.87805e-13
4.87805e-13
4.87805e-13
4.87805e-13
4.87805e-13
4.87805e-13
4.87805e-13
4.87805e-13
4.87805e-13
4.87805e-13
4.87805e-13
4.87805e-13
4.87805e-13
4.87805e-13
4.87805e-13
4.87805e-13
4.87805e-13
4.87805e-13
4.87805e-13
4.87805e-13
4.87805e-13
4.87805e-13
4.87805e-13
4.87805e-13
4.87805e-13
4.87805e-13
4.87805e-13
4.87805e-13
4.87805e-13
4.87805e-13
4.87805e-13
4.87805e-13
4.87805e-13
4.87805e-13
4.87805e-13
4.87805e-13
4.87805e-13
4.87805e-13
4.87805e-13
4.87805e-13
4.87805e-13
4.87805e-13
4.87805e-13
4.87805e-13
4.87805e-13
4.87805e-13
4.87805e-13
4.87805e-13
4.87805e-13
4.87805e-13
4.87805e-13
4.87805e-13
4.87805e-13
4.87805e-13
4.87805e-13
4.87805e-13
4.87805e-13
4.87805e-13
4.87805e-13
4.87805e-13
4.87805e-13
4.87805e-13
4.87805e-13
4.87805e-13
4.87805e-13
4.87805e-13
4.87805e-13
4.87805e-13
4.87805e-13
4.87805e-13
4.87805e-13
4.87805e-13
4.87805e-13
4.87805e-13
4.87805e-13
4.87805e-13
4.87805e-13
4.87805e-13
4.87805e-13
4.87805e-13
4.87805e-13
4.87805e-13
4.87805e-13
4.87805e-13
4.87805e-13
4.87805e-13
4.87805e-13
4.87805e-13
4.87805e-13
4.87805e-13
4.87805e-13
4.87805e-13
4.87805e-13
4.87805e-13
4.87805e-13
4.87805e-13
4.87805e-13
4.87805e-13
4.87805e-13
4.87805e-13
4.87805e-13
4.87805e-13
4.87805e-13
4.87805e-13
4.87805e-13
4.87805e-13
4.87805e-13
4.87805e-13
4.87805e-13
4.87805e-13
4.87805e-13
4.87805e-13
4.87805e-13
4.87805e-13
4.87805e-13
4.87805e-13
4.87805e-13
4.87805e-13
4.87805e-13
4.87805e-13
4.87805e-13
4.87805e-13
4.87805e-13
4.87805e-13
4.87805e-13
4.87805e-13
4.87805e-13
4.87805e-13
4.87805e-13
4.87805e-13
4.87805e-13
4.87805e-13
4.87805e-13
4.87805e-13
4.87805e-13
4.87805e-13
4.87805e-13
4.87805e-13
4.87805e-13
4.87805e-13
4.87805e-13
4.87805e-13
4.87805e-13
4.87805e-13
4.87805e-13
4.87805e-13
4.87805e-13
4.87805e-13
4.87805e-13
4.87805e-13
4.87805e-13
4.87805e-13
4.87805e-13
4.87805e-13
4.87805e-13
4.87805e-13
4.87805e-13
4.87805e-13
4.87805e-13
4.87805e-13
4.87805e-13
4.87805e-13
4.87805e-13
4.87805e-13
4.87805e-13
4.87805e-13
4.87805e-13
4.87805e-13
4.87805e-13
4.87805e-13
4.87805e-13
4.87805e-13
4.87805e-13
4.87805e-13
4.87805e-13
4.87805e-13
4.87805e-13
4.87805e-13
4.87805e-13
4.87805e-13
4.87805e-13
4.87805e-13
4.87805e-13
4.87805e-13
4.87805e-13
4.87805e-13
4.87805e-13
4.87805e-13
4.87805e-13
4.87805e-13
4.87805e-13
4.87805e-13
4.87805e-13
4.87805e-13
4.87805e-13
4.87805e-13
4.87805e-13
4.87805e-13
4.87805e-13
4.87805e-13
4.87805e-13
4.87805e-13
4.87805e-13
4.87805e-13
4.87805e-13
4.87805e-13
4.87805e-13
4.87805e-13
4.87805e-13
4.87805e-13
4.87805e-13
4.87805e-13
4.87805e-13
4.87805e-13
4.87805e-13
4.87805e-13
4.87805e-13
4.87805e-13
4.87805e-13
4.87805e-13
4.87805e-13
4.87805e-13
4.87805e-13
4.87805e-13
4.87805e-13
4.87805e-13
4.87805e-13
4.87805e-13
4.87805e-13
4.87805e-13
4.87805e-13
4.87805e-13
4.87805e-13
4.87805e-13
4.87805e-13
4.87805e-13
4.87805e-13
4.87805e-13
4.87805e-13
4.87805e-13
4.87805e-13
4.87805e-13
4.87805e-13
4.87805e-13
4.87805e-13
4.87805e-13
4.87805e-13
4.87805e-13
4.87805e-13
4.87805e-13
4.87805e-13
4.87805e-13
4.87805e-13
4.87805e-13
4.87805e-13
4.87805e-13
4.87805e-13
4.87805e-13
)
;

boundaryField
{
    sides
    {
        type            calculated;
        value           nonuniform List<scalar> 2(4.87805e-13 4.87377e-13);
    }
    empty1
    {
        type            empty;
    }
    empty2
    {
        type            empty;
    }
}


// ************************************************************************* //
