/*--------------------------------*- C++ -*----------------------------------*\
| =========                 |                                                 |
| \\      /  F ield         | OpenFOAM: The Open Source CFD Toolbox           |
|  \\    /   O peration     | Version:  2312                                  |
|   \\  /    A nd           | Website:  www.openfoam.com                      |
|    \\/     M anipulation  |                                                 |
\*---------------------------------------------------------------------------*/
FoamFile
{
    version     2.0;
    format      ascii;
    arch        "LSB;label=32;scalar=64";
    class       volScalarField;
    location    "5e-05";
    object      thermo:psiGasEff;
}
// * * * * * * * * * * * * * * * * * * * * * * * * * * * * * * * * * * * * * //

dimensions      [-2 4 2 0 0 0 0];

internalField   nonuniform List<scalar> 
800
(
8.4134e-08
8.4134e-08
8.4134e-08
8.4134e-08
8.4134e-08
8.41341e-08
8.41341e-08
8.4134e-08
8.4134e-08
8.4134e-08
8.41341e-08
8.4134e-08
8.41341e-08
8.41341e-08
8.4134e-08
8.4134e-08
8.4134e-08
8.4134e-08
8.4134e-08
8.4134e-08
8.4134e-08
8.4134e-08
8.4134e-08
8.41341e-08
8.41341e-08
8.4134e-08
8.4134e-08
8.4134e-08
8.41341e-08
8.41341e-08
8.4134e-08
8.41341e-08
8.4134e-08
8.4134e-08
8.4134e-08
8.41341e-08
8.4134e-08
8.4134e-08
8.4134e-08
8.4134e-08
8.4134e-08
8.4134e-08
8.4134e-08
8.4134e-08
8.4134e-08
8.4134e-08
8.4134e-08
8.4134e-08
8.4134e-08
8.4134e-08
8.41341e-08
8.4134e-08
8.4134e-08
8.4134e-08
8.4134e-08
8.41341e-08
8.4134e-08
8.4134e-08
8.4134e-08
8.4134e-08
8.4134e-08
8.4134e-08
8.4134e-08
8.4134e-08
8.4134e-08
8.4134e-08
8.41341e-08
8.4134e-08
8.4134e-08
8.41341e-08
8.4134e-08
8.4134e-08
8.4134e-08
8.4134e-08
8.4134e-08
8.41341e-08
8.4134e-08
8.4134e-08
8.41341e-08
8.4134e-08
8.4134e-08
8.4134e-08
8.4134e-08
8.41341e-08
8.4134e-08
8.4134e-08
8.4134e-08
8.4134e-08
8.4134e-08
8.4134e-08
8.4134e-08
8.41341e-08
8.4134e-08
8.4134e-08
8.4134e-08
8.4134e-08
8.41341e-08
8.4134e-08
8.41341e-08
8.4134e-08
8.4134e-08
8.4134e-08
8.4134e-08
8.4134e-08
8.4134e-08
8.4134e-08
8.4134e-08
8.41341e-08
8.4134e-08
8.4134e-08
8.4134e-08
8.4134e-08
8.4134e-08
8.4134e-08
8.4134e-08
8.4134e-08
8.4134e-08
8.4134e-08
8.4134e-08
8.4134e-08
8.4134e-08
8.4134e-08
8.4134e-08
8.4134e-08
8.4134e-08
8.4134e-08
8.4134e-08
8.4134e-08
8.41341e-08
8.4134e-08
8.4134e-08
8.4134e-08
8.41341e-08
8.4134e-08
8.4134e-08
8.4134e-08
8.4134e-08
8.4134e-08
8.4134e-08
8.4134e-08
8.4134e-08
8.41341e-08
8.4134e-08
8.4134e-08
8.4134e-08
8.41341e-08
8.4134e-08
8.4134e-08
8.4134e-08
8.4134e-08
8.4134e-08
8.4134e-08
8.4134e-08
8.4134e-08
8.41341e-08
8.4134e-08
8.4134e-08
8.41341e-08
8.4134e-08
8.41341e-08
8.4134e-08
8.4134e-08
8.4134e-08
8.4134e-08
8.4134e-08
8.4134e-08
8.4134e-08
8.41341e-08
8.4134e-08
8.4134e-08
8.4134e-08
8.41341e-08
8.4134e-08
8.4134e-08
8.4134e-08
8.4134e-08
8.41341e-08
8.4134e-08
8.4134e-08
8.4134e-08
8.4134e-08
8.41341e-08
8.4134e-08
8.41341e-08
8.4134e-08
8.4134e-08
8.4134e-08
8.4134e-08
8.4134e-08
8.4134e-08
8.4134e-08
8.4134e-08
8.4134e-08
8.4134e-08
8.4134e-08
8.4134e-08
8.4134e-08
8.4134e-08
8.4134e-08
8.4134e-08
8.41341e-08
8.4134e-08
8.4134e-08
8.4134e-08
8.4134e-08
8.4134e-08
8.4134e-08
8.4134e-08
8.4134e-08
8.41341e-08
8.4134e-08
8.4134e-08
8.4134e-08
8.4134e-08
8.4134e-08
8.4134e-08
8.4134e-08
8.41341e-08
8.4134e-08
8.4134e-08
8.4134e-08
8.4134e-08
8.4134e-08
8.4134e-08
8.4134e-08
8.4134e-08
8.41341e-08
8.4134e-08
8.4134e-08
8.4134e-08
8.4134e-08
8.41341e-08
8.4134e-08
8.4134e-08
8.41341e-08
8.4134e-08
8.4134e-08
8.4134e-08
8.4134e-08
8.41341e-08
8.4134e-08
8.4134e-08
8.41341e-08
8.41341e-08
8.4134e-08
8.4134e-08
8.4134e-08
8.4134e-08
8.4134e-08
8.4134e-08
8.4134e-08
8.4134e-08
8.41341e-08
8.4134e-08
8.4134e-08
8.4134e-08
8.4134e-08
8.4134e-08
8.4134e-08
8.41341e-08
8.4134e-08
8.4134e-08
8.4134e-08
8.4134e-08
8.4134e-08
8.4134e-08
8.4134e-08
8.4134e-08
8.4134e-08
8.4134e-08
8.4134e-08
8.4134e-08
8.4134e-08
8.4134e-08
8.4134e-08
8.4134e-08
8.4134e-08
8.4134e-08
8.4134e-08
8.4134e-08
8.4134e-08
8.4134e-08
8.4134e-08
8.4134e-08
8.4134e-08
8.4134e-08
8.4134e-08
8.4134e-08
8.4134e-08
8.4134e-08
8.4134e-08
8.4134e-08
8.41341e-08
8.4134e-08
8.4134e-08
8.4134e-08
8.4134e-08
8.4134e-08
8.4134e-08
8.4134e-08
8.4134e-08
8.4134e-08
8.4134e-08
8.4134e-08
8.41341e-08
8.4134e-08
8.4134e-08
8.4134e-08
8.4134e-08
8.4134e-08
8.4134e-08
8.4134e-08
8.4134e-08
8.4134e-08
8.4134e-08
8.4134e-08
8.4134e-08
8.4134e-08
8.4134e-08
8.4134e-08
8.4134e-08
8.4134e-08
8.41341e-08
8.4134e-08
8.41341e-08
8.4134e-08
8.4134e-08
8.4134e-08
8.4134e-08
8.41341e-08
8.4134e-08
8.4134e-08
8.4134e-08
8.4134e-08
8.4134e-08
8.4134e-08
8.4134e-08
8.41341e-08
8.4134e-08
8.4134e-08
8.41341e-08
8.4134e-08
8.4134e-08
8.4134e-08
8.41341e-08
8.41341e-08
8.41341e-08
8.41341e-08
8.41341e-08
8.41341e-08
8.41341e-08
8.41341e-08
8.41341e-08
8.41342e-08
8.4135e-08
8.41384e-08
8.41522e-08
8.4192e-08
8.42706e-08
8.44306e-08
8.47497e-08
8.53515e-08
8.64215e-08
8.82151e-08
9.10529e-08
9.53063e-08
1.01376e-07
1.09672e-07
1.20617e-07
1.34553e-07
1.51741e-07
1.72267e-07
1.97406e-07
2.26647e-07
2.62193e-07
3.03031e-07
3.53223e-07
4.10845e-07
4.76264e-07
5.43693e-07
6.08554e-07
6.55412e-07
6.99282e-07
7.02717e-07
7.5517e-07
7.29357e-07
8.14635e-07
7.92976e-07
9.00566e-07
9.48359e-07
9.99709e-07
9.60013e-07
1.10956e-06
1.20013e-06
1.26904e-06
1.30216e-06
1.32423e-06
1.28357e-06
8.64098e-07
6.02839e-07
1.36997e-07
3.1522e-07
2.78537e-07
3.61079e-07
4.0151e-07
5.33065e-07
6.57592e-07
9.26242e-07
1.25607e-06
1.90345e-06
3.01623e-06
4.41897e-06
5.76921e-06
6.8069e-06
7.485e-06
7.89164e-06
8.12243e-06
8.25086e-06
8.32106e-06
8.36131e-06
8.38354e-06
8.39691e-06
8.40432e-06
8.40872e-06
8.41098e-06
8.41225e-06
8.41284e-06
8.41313e-06
8.41327e-06
8.41333e-06
8.41336e-06
8.41337e-06
8.41337e-06
8.41338e-06
8.41338e-06
8.41338e-06
8.41338e-06
8.41338e-06
8.41338e-06
8.41338e-06
8.41338e-06
8.41338e-06
8.41338e-06
8.41338e-06
8.41338e-06
8.41338e-06
8.41338e-06
8.41338e-06
8.41337e-06
8.41337e-06
8.41337e-06
8.41337e-06
8.41337e-06
8.41337e-06
8.41337e-06
8.41337e-06
8.41337e-06
8.41337e-06
8.41337e-06
8.41337e-06
8.41337e-06
8.41337e-06
8.41337e-06
8.41337e-06
8.41337e-06
8.41337e-06
8.41337e-06
8.41337e-06
8.41337e-06
8.41337e-06
8.41337e-06
8.41337e-06
8.41337e-06
8.41337e-06
8.41337e-06
8.41337e-06
8.41337e-06
8.41337e-06
8.41337e-06
8.41337e-06
8.41337e-06
8.41337e-06
8.41337e-06
8.41337e-06
8.41337e-06
8.41337e-06
8.41337e-06
8.41337e-06
8.41337e-06
8.41337e-06
8.41337e-06
8.41337e-06
8.41337e-06
8.41337e-06
8.41337e-06
8.41337e-06
8.41337e-06
8.41337e-06
8.41338e-06
8.41338e-06
8.41338e-06
8.41338e-06
8.41337e-06
8.41337e-06
8.41338e-06
8.41337e-06
8.41337e-06
8.41337e-06
8.41337e-06
8.41337e-06
8.41337e-06
8.41337e-06
8.41338e-06
8.41338e-06
8.41338e-06
8.41338e-06
8.41338e-06
8.41338e-06
8.41338e-06
8.41338e-06
8.41338e-06
8.41338e-06
8.41338e-06
8.41338e-06
8.41338e-06
8.41338e-06
8.41338e-06
8.41338e-06
8.41338e-06
8.41338e-06
8.41338e-06
8.41338e-06
8.41338e-06
8.41338e-06
8.41338e-06
8.41338e-06
8.41338e-06
8.41338e-06
8.41338e-06
8.41338e-06
8.41338e-06
8.41338e-06
8.41338e-06
8.41338e-06
8.41338e-06
8.41338e-06
8.41338e-06
8.41338e-06
8.41338e-06
8.41338e-06
8.41338e-06
8.41338e-06
8.41338e-06
8.41338e-06
8.41338e-06
8.41338e-06
8.41338e-06
8.41338e-06
8.41338e-06
8.41338e-06
8.41338e-06
8.41338e-06
8.41338e-06
8.41338e-06
8.41338e-06
8.41338e-06
8.41338e-06
8.41338e-06
8.41338e-06
8.41338e-06
8.41338e-06
8.41338e-06
8.41338e-06
8.41338e-06
8.41338e-06
8.41338e-06
8.41338e-06
8.41338e-06
8.41338e-06
8.41338e-06
8.41338e-06
8.41338e-06
8.41338e-06
8.41338e-06
8.41338e-06
8.41338e-06
8.41338e-06
8.41338e-06
8.41338e-06
8.41338e-06
8.41338e-06
8.41338e-06
8.41338e-06
8.41338e-06
8.41338e-06
8.41338e-06
8.41338e-06
8.41338e-06
8.41338e-06
8.41338e-06
8.41338e-06
8.41338e-06
8.41338e-06
8.41338e-06
8.41338e-06
8.41338e-06
8.41338e-06
8.41338e-06
8.41338e-06
8.41338e-06
8.41338e-06
8.41338e-06
8.41338e-06
8.41338e-06
8.41338e-06
8.41338e-06
8.41338e-06
8.41338e-06
8.41338e-06
8.41338e-06
8.41338e-06
8.41338e-06
8.41338e-06
8.41338e-06
8.41338e-06
8.41338e-06
8.41338e-06
8.41338e-06
8.41338e-06
8.41338e-06
8.41338e-06
8.41338e-06
8.41338e-06
8.41338e-06
8.41338e-06
8.41338e-06
8.41338e-06
8.41338e-06
8.41338e-06
8.41338e-06
8.41338e-06
8.41338e-06
8.41338e-06
8.41338e-06
8.41338e-06
8.41338e-06
8.41338e-06
8.41338e-06
8.41338e-06
8.41338e-06
8.41338e-06
8.41338e-06
8.41338e-06
8.41338e-06
8.41338e-06
8.41338e-06
8.41338e-06
8.41338e-06
8.41338e-06
8.41338e-06
8.41338e-06
8.41338e-06
8.41338e-06
8.41338e-06
8.41338e-06
8.41338e-06
8.41338e-06
8.41339e-06
8.41339e-06
8.41339e-06
8.41339e-06
8.41339e-06
8.41338e-06
8.41338e-06
8.41338e-06
8.41339e-06
8.41339e-06
8.41339e-06
8.41339e-06
8.41339e-06
8.41339e-06
8.41339e-06
8.41339e-06
8.41339e-06
8.41339e-06
8.41339e-06
8.41339e-06
8.41339e-06
8.41339e-06
8.41339e-06
8.41339e-06
8.41339e-06
8.41339e-06
8.41339e-06
8.41339e-06
8.41339e-06
8.41339e-06
8.41339e-06
8.41339e-06
8.41339e-06
8.41339e-06
8.41339e-06
8.41339e-06
8.41339e-06
8.41339e-06
8.41339e-06
8.41339e-06
8.41339e-06
8.41339e-06
8.41339e-06
8.41339e-06
8.41339e-06
8.41339e-06
8.41339e-06
8.41339e-06
8.41339e-06
8.41339e-06
8.41339e-06
8.41339e-06
8.41339e-06
8.41339e-06
8.41338e-06
8.41338e-06
8.41338e-06
8.41338e-06
8.41338e-06
8.41338e-06
8.41338e-06
8.41338e-06
8.41338e-06
8.41338e-06
8.41338e-06
8.41338e-06
8.41338e-06
8.41338e-06
8.41338e-06
8.41338e-06
8.41338e-06
8.41338e-06
8.41338e-06
8.41338e-06
8.41339e-06
8.41339e-06
8.41339e-06
8.41339e-06
8.41339e-06
8.41339e-06
8.41339e-06
8.41339e-06
8.41339e-06
8.41339e-06
8.41339e-06
8.41339e-06
8.41339e-06
8.41339e-06
8.41339e-06
8.41339e-06
8.41339e-06
8.41339e-06
8.41339e-06
8.41339e-06
8.41339e-06
8.41339e-06
8.41339e-06
8.41339e-06
8.41339e-06
8.41338e-06
8.41338e-06
8.41338e-06
8.41338e-06
8.41338e-06
8.41338e-06
8.41338e-06
8.41338e-06
8.41338e-06
8.41338e-06
8.41338e-06
8.41338e-06
8.41338e-06
8.41338e-06
8.41338e-06
8.41339e-06
8.41339e-06
8.41338e-06
8.41339e-06
8.41338e-06
8.41338e-06
8.41338e-06
8.41338e-06
8.41338e-06
8.41338e-06
8.41338e-06
8.41338e-06
8.41338e-06
8.41338e-06
8.41338e-06
8.41338e-06
8.41338e-06
8.41338e-06
8.41338e-06
)
;

boundaryField
{
    sides
    {
        type            calculated;
        value           nonuniform List<scalar> 2(8.41338e-06 8.4134e-08);
    }
    empty1
    {
        type            empty;
    }
    empty2
    {
        type            empty;
    }
}


// ************************************************************************* //
