/*--------------------------------*- C++ -*----------------------------------*\
| =========                 |                                                 |
| \\      /  F ield         | OpenFOAM: The Open Source CFD Toolbox           |
|  \\    /   O peration     | Version:  2312                                  |
|   \\  /    A nd           | Website:  www.openfoam.com                      |
|    \\/     M anipulation  |                                                 |
\*---------------------------------------------------------------------------*/
FoamFile
{
    version     2.0;
    format      ascii;
    arch        "LSB;label=32;scalar=64";
    class       surfaceScalarField;
    location    "5e-05";
    object      aSf;
}
// * * * * * * * * * * * * * * * * * * * * * * * * * * * * * * * * * * * * * //

dimensions      [0 3 -1 0 0 0 0];

oriented        oriented;

internalField   nonuniform List<scalar> 
799
(
-0.0171704
-0.0171704
-0.0171704
-0.0171704
-0.0171704
-0.0171704
-0.0171704
-0.0171704
-0.0171704
-0.0171704
-0.0171704
-0.0171704
-0.0171704
-0.0171704
-0.0171704
-0.0171704
-0.0171704
-0.0171704
-0.0171704
-0.0171704
-0.0171704
-0.0171704
-0.0171704
-0.0171704
-0.0171704
-0.0171704
-0.0171704
-0.0171704
-0.0171704
-0.0171704
-0.0171704
-0.0171704
-0.0171704
-0.0171704
-0.0171704
-0.0171704
-0.0171704
-0.0171704
-0.0171704
-0.0171704
-0.0171704
-0.0171704
-0.0171704
-0.0171704
-0.0171704
-0.0171704
-0.0171704
-0.0171704
-0.0171704
-0.0171704
-0.0171704
-0.0171704
-0.0171704
-0.0171704
-0.0171704
-0.0171704
-0.0171704
-0.0171704
-0.0171704
-0.0171704
-0.0171704
-0.0171704
-0.0171704
-0.0171704
-0.0171704
-0.0171704
-0.0171704
-0.0171704
-0.0171704
-0.0171704
-0.0171704
-0.0171704
-0.0171704
-0.0171704
-0.0171704
-0.0171704
-0.0171704
-0.0171704
-0.0171704
-0.0171704
-0.0171704
-0.0171704
-0.0171704
-0.0171704
-0.0171704
-0.0171704
-0.0171704
-0.0171704
-0.0171704
-0.0171704
-0.0171704
-0.0171704
-0.0171704
-0.0171704
-0.0171704
-0.0171704
-0.0171704
-0.0171704
-0.0171704
-0.0171704
-0.0171704
-0.0171704
-0.0171704
-0.0171704
-0.0171704
-0.0171704
-0.0171704
-0.0171704
-0.0171704
-0.0171704
-0.0171704
-0.0171704
-0.0171704
-0.0171704
-0.0171704
-0.0171704
-0.0171704
-0.0171704
-0.0171704
-0.0171704
-0.0171704
-0.0171704
-0.0171704
-0.0171704
-0.0171704
-0.0171704
-0.0171704
-0.0171704
-0.0171704
-0.0171704
-0.0171704
-0.0171704
-0.0171704
-0.0171704
-0.0171704
-0.0171704
-0.0171704
-0.0171704
-0.0171704
-0.0171704
-0.0171704
-0.0171704
-0.0171704
-0.0171704
-0.0171704
-0.0171704
-0.0171704
-0.0171704
-0.0171704
-0.0171704
-0.0171704
-0.0171704
-0.0171704
-0.0171704
-0.0171704
-0.0171704
-0.0171704
-0.0171704
-0.0171704
-0.0171704
-0.0171704
-0.0171704
-0.0171704
-0.0171704
-0.0171704
-0.0171704
-0.0171704
-0.0171704
-0.0171704
-0.0171704
-0.0171704
-0.0171704
-0.0171704
-0.0171704
-0.0171704
-0.0171704
-0.0171704
-0.0171704
-0.0171704
-0.0171704
-0.0171704
-0.0171704
-0.0171704
-0.0171704
-0.0171704
-0.0171704
-0.0171704
-0.0171704
-0.0171704
-0.0171704
-0.0171704
-0.0171704
-0.0171704
-0.0171704
-0.0171704
-0.0171704
-0.0171704
-0.0171704
-0.0171704
-0.0171704
-0.0171704
-0.0171704
-0.0171704
-0.0171704
-0.0171704
-0.0171704
-0.0171704
-0.0171704
-0.0171704
-0.0171704
-0.0171704
-0.0171704
-0.0171704
-0.0171704
-0.0171704
-0.0171704
-0.0171704
-0.0171704
-0.0171704
-0.0171704
-0.0171704
-0.0171704
-0.0171704
-0.0171704
-0.0171704
-0.0171704
-0.0171704
-0.0171704
-0.0171704
-0.0171704
-0.0171704
-0.0171704
-0.0171704
-0.0171704
-0.0171704
-0.0171704
-0.0171704
-0.0171704
-0.0171704
-0.0171704
-0.0171704
-0.0171704
-0.0171704
-0.0171704
-0.0171704
-0.0171704
-0.0171704
-0.0171704
-0.0171704
-0.0171704
-0.0171704
-0.0171704
-0.0171704
-0.0171704
-0.0171704
-0.0171704
-0.0171704
-0.0171704
-0.0171704
-0.0171704
-0.0171704
-0.0171704
-0.0171704
-0.0171704
-0.0171704
-0.0171704
-0.0171704
-0.0171704
-0.0171704
-0.0171704
-0.0171704
-0.0171704
-0.0171704
-0.0171704
-0.0171704
-0.0171704
-0.0171704
-0.0171704
-0.0171704
-0.0171704
-0.0171704
-0.0171704
-0.0171704
-0.0171704
-0.0171704
-0.0171704
-0.0171704
-0.0171704
-0.0171704
-0.0171704
-0.0171704
-0.0171704
-0.0171704
-0.0171704
-0.0171704
-0.0171704
-0.0171704
-0.0171704
-0.0171704
-0.0171704
-0.0171704
-0.0171704
-0.0171704
-0.0171704
-0.0171704
-0.0171704
-0.0171704
-0.0171704
-0.0171704
-0.0171704
-0.0171704
-0.0171704
-0.0171704
-0.0171704
-0.0171704
-0.0171704
-0.0171704
-0.0171704
-0.0171704
-0.0171704
-0.0171704
-0.0171704
-0.0171704
-0.0171704
-0.0171704
-0.0171704
-0.0171704
-0.0171704
-0.0171704
-0.0171704
-0.0171704
-0.0171704
-0.0171704
-0.0171704
-0.0171704
-0.0171704
-0.0171704
-0.0171704
-0.0171704
-0.0171704
-0.0171704
-0.0171704
-0.0171704
-0.0171704
-0.0171704
-0.0171704
-0.0171704
-0.0171704
-0.0171704
-0.0171704
-0.0171704
-0.0171704
-0.0171703
-0.0171703
-0.0171703
-0.0171701
-0.0171697
-0.0171688
-0.0171667
-0.0171625
-0.0171541
-0.0171384
-0.0171102
-0.0170618
-0.0169824
-0.0168571
-0.0166678
-0.016394
-0.0160189
-0.0155297
-0.0149268
-0.0141926
-0.0133213
-0.0123041
-0.0111454
-0.00982837
-0.00836225
-0.00679347
-0.00522451
-0.00379162
-0.00266425
-0.00189569
-0.00168283
-0.00172907
-0.00150343
-0.00202799
-0.00143817
-0.0022555
-0.00134584
-0.00141843
-0.000820632
-0.000538043
-0.000689649
-0.00152705
-0.00305261
-0.00546348
-0.00825371
-0.0104615
-0.0138466
-0.0730119
-0.0731709
-0.0732412
-0.0732716
-0.0733084
-0.0733144
-0.0733181
-0.0733184
-0.0733183
-0.0733165
-0.0733144
-0.0733131
-0.0733123
-0.0733115
-0.0733109
-0.0733105
-0.0733103
-0.0733103
-0.0733102
-0.0733102
-0.0733101
-0.0733099
-0.0733101
-0.0733101
-0.0733099
-0.0733099
-0.0733098
-0.0733101
-0.0733101
-0.07331
-0.07331
-0.07331
-0.07331
-0.07331
-0.0733097
-0.07331
-0.07331
-0.0733097
-0.0733099
-0.0733099
-0.0733099
-0.0733096
-0.0733099
-0.0733099
-0.0733098
-0.0733098
-0.0733094
-0.0733098
-0.0733098
-0.0733095
-0.0733095
-0.0733094
-0.0733098
-0.0733098
-0.0733098
-0.0733098
-0.0733098
-0.0733099
-0.07331
-0.07331
-0.0733102
-0.0733102
-0.0733101
-0.0733104
-0.0733104
-0.0733104
-0.0733102
-0.0733102
-0.0733104
-0.0733104
-0.0733104
-0.0733104
-0.0733104
-0.0733104
-0.0733104
-0.0733103
-0.0733103
-0.0733104
-0.0733104
-0.0733104
-0.0733104
-0.0733104
-0.0733104
-0.0733104
-0.0733104
-0.0733104
-0.0733104
-0.0733104
-0.0733102
-0.0733104
-0.0733104
-0.0733104
-0.0733104
-0.0733104
-0.0733104
-0.0733104
-0.0733104
-0.0733104
-0.0733103
-0.0733104
-0.0733104
-0.0733104
-0.0733104
-0.0733104
-0.0733104
-0.0733104
-0.0733104
-0.0733104
-0.0733104
-0.0733104
-0.0733104
-0.0733104
-0.0733104
-0.0733104
-0.0733104
-0.0733104
-0.0733104
-0.0733104
-0.0733103
-0.0733104
-0.0733104
-0.0733102
-0.0733104
-0.0733104
-0.0733104
-0.0733103
-0.0733104
-0.0733104
-0.0733104
-0.0733104
-0.0733104
-0.0733104
-0.0733104
-0.0733102
-0.0733104
-0.0733104
-0.0733104
-0.0733104
-0.0733104
-0.0733104
-0.0733104
-0.0733104
-0.0733104
-0.0733104
-0.0733104
-0.0733104
-0.0733104
-0.0733104
-0.0733104
-0.0733104
-0.0733104
-0.0733104
-0.0733104
-0.0733104
-0.0733104
-0.0733104
-0.0733104
-0.0733104
-0.0733104
-0.0733104
-0.0733104
-0.0733104
-0.0733102
-0.0733104
-0.0733104
-0.0733104
-0.0733104
-0.0733102
-0.0733104
-0.0733104
-0.0733104
-0.0733103
-0.0733104
-0.0733104
-0.0733104
-0.0733104
-0.0733104
-0.0733104
-0.0733104
-0.0733104
-0.0733104
-0.0733104
-0.0733104
-0.0733102
-0.0733104
-0.0733104
-0.0733104
-0.0733104
-0.0733104
-0.0733104
-0.0733104
-0.0733104
-0.0733104
-0.0733104
-0.0733104
-0.0733104
-0.0733104
-0.0733104
-0.0733104
-0.0733104
-0.0733104
-0.0733104
-0.0733104
-0.0733104
-0.0733104
-0.0733104
-0.0733104
-0.0733104
-0.0733104
-0.0733104
-0.0733104
-0.0733104
-0.0733104
-0.0733104
-0.0733104
-0.0733104
-0.0733104
-0.0733104
-0.0733104
-0.0733104
-0.0733104
-0.0733104
-0.0733104
-0.0733104
-0.0733104
-0.0733103
-0.0733102
-0.0733104
-0.0733104
-0.0733104
-0.0733104
-0.0733104
-0.0733104
-0.0733104
-0.0733104
-0.0733104
-0.0733104
-0.0733104
-0.0733104
-0.0733104
-0.0733104
-0.0733104
-0.0733104
-0.0733104
-0.0733104
-0.0733104
-0.0733104
-0.0733104
-0.0733104
-0.0733104
-0.0733104
-0.0733104
-0.0733104
-0.0733104
-0.0733102
-0.0733102
-0.0733104
-0.0733104
-0.0733104
-0.0733104
-0.0733104
-0.0733104
-0.0733104
-0.0733104
-0.0733104
-0.0733104
-0.0733104
-0.0733104
-0.0733104
-0.0733104
-0.0733104
-0.0733104
-0.0733104
-0.0733104
-0.0733104
-0.0733104
-0.0733104
-0.0733104
-0.0733104
-0.0733104
-0.0733102
-0.0733104
-0.0733104
-0.0733104
-0.0733104
-0.0733104
-0.0733104
-0.0733104
-0.0733104
-0.0733104
-0.0733104
-0.0733104
-0.0733104
-0.0733104
-0.0733104
-0.0733104
-0.0733104
-0.0733104
-0.0733104
-0.0733104
-0.0733104
-0.0733104
-0.0733104
-0.0733104
-0.0733104
-0.0733104
-0.0733104
-0.0733104
-0.0733104
-0.0733104
-0.0733104
-0.0733104
-0.0733104
-0.0733104
-0.0733104
-0.0733104
-0.0733104
-0.0733104
-0.0733104
-0.0733104
-0.0733104
-0.0733104
-0.0733104
-0.0733104
-0.0733104
-0.0733104
-0.0733104
-0.0733104
-0.0733104
-0.0733104
-0.0733104
-0.0733104
-0.0733104
-0.0733104
-0.0733104
-0.0733104
-0.0733104
-0.0733104
-0.0733104
-0.0733104
-0.0733104
-0.0733103
-0.0733104
-0.0733104
-0.0733104
-0.0733104
-0.0733104
-0.0733104
-0.0733104
-0.0733104
-0.0733104
-0.0733104
-0.0733104
-0.0733104
-0.0733104
-0.0733104
-0.0733104
-0.0733104
-0.0733104
-0.0733104
-0.0733104
-0.0733104
-0.0733104
-0.0733104
-0.0733104
-0.0733104
-0.0733104
-0.0733103
-0.0733103
-0.0733104
-0.0733104
-0.0733104
-0.0733104
-0.0733104
-0.0733104
-0.0733104
-0.0733102
-0.0733104
-0.0733104
-0.0733104
-0.0733104
-0.0733104
-0.0733104
-0.0733104
-0.0733104
-0.0733104
-0.0733104
-0.0733104
-0.0733104
-0.0733104
-0.0733104
-0.0733104
-0.0733104
-0.0733104
-0.0733104
-0.0733104
-0.0733104
-0.0733104
-0.0733104
-0.0733104
)
;

boundaryField
{
    sides
    {
        type            calculated;
        value           nonuniform List<scalar> 2(-0.0733104 -0.0171704);
    }
    empty1
    {
        type            empty;
        value           nonuniform List<scalar> 0();
    }
    empty2
    {
        type            empty;
        value           nonuniform List<scalar> 0();
    }
}


// ************************************************************************* //
