/*--------------------------------*- C++ -*----------------------------------*\
| =========                 |                                                 |
| \\      /  F ield         | OpenFOAM: The Open Source CFD Toolbox           |
|  \\    /   O peration     | Version:  2312                                  |
|   \\  /    A nd           | Website:  www.openfoam.com                      |
|    \\/     M anipulation  |                                                 |
\*---------------------------------------------------------------------------*/
FoamFile
{
    version     2.0;
    format      ascii;
    arch        "LSB;label=32;scalar=64";
    class       volScalarField;
    location    "5e-05";
    object      cSound;
}
// * * * * * * * * * * * * * * * * * * * * * * * * * * * * * * * * * * * * * //

dimensions      [0 1 -1 0 0 0 0];

internalField   nonuniform List<scalar> 
800
(
343.407
343.407
343.407
343.407
343.407
343.407
343.407
343.407
343.407
343.407
343.407
343.407
343.407
343.407
343.407
343.407
343.407
343.407
343.407
343.407
343.407
343.407
343.407
343.407
343.407
343.407
343.407
343.407
343.407
343.407
343.407
343.407
343.407
343.407
343.407
343.407
343.407
343.407
343.407
343.407
343.407
343.407
343.407
343.407
343.407
343.407
343.407
343.407
343.407
343.407
343.407
343.407
343.407
343.407
343.407
343.407
343.407
343.407
343.407
343.407
343.407
343.407
343.407
343.407
343.407
343.407
343.407
343.407
343.407
343.407
343.407
343.407
343.407
343.407
343.407
343.407
343.407
343.407
343.407
343.407
343.407
343.407
343.407
343.407
343.407
343.407
343.407
343.407
343.407
343.407
343.407
343.407
343.407
343.407
343.407
343.407
343.407
343.407
343.407
343.407
343.407
343.407
343.407
343.407
343.407
343.407
343.407
343.407
343.407
343.407
343.407
343.407
343.407
343.407
343.407
343.407
343.407
343.407
343.407
343.407
343.407
343.407
343.407
343.407
343.407
343.407
343.407
343.407
343.407
343.407
343.407
343.407
343.407
343.407
343.407
343.407
343.407
343.407
343.407
343.407
343.407
343.407
343.407
343.407
343.407
343.407
343.407
343.407
343.407
343.407
343.407
343.407
343.407
343.407
343.407
343.407
343.407
343.407
343.407
343.407
343.407
343.407
343.407
343.407
343.407
343.407
343.407
343.407
343.407
343.407
343.407
343.407
343.407
343.407
343.407
343.407
343.407
343.407
343.407
343.407
343.407
343.407
343.407
343.407
343.407
343.407
343.407
343.407
343.407
343.407
343.407
343.407
343.407
343.407
343.407
343.407
343.407
343.407
343.407
343.407
343.407
343.407
343.407
343.407
343.407
343.407
343.407
343.407
343.407
343.407
343.407
343.407
343.407
343.407
343.407
343.407
343.407
343.407
343.407
343.407
343.407
343.407
343.407
343.407
343.407
343.407
343.407
343.407
343.407
343.407
343.407
343.407
343.407
343.407
343.407
343.407
343.407
343.407
343.407
343.407
343.407
343.407
343.407
343.407
343.407
343.407
343.407
343.407
343.407
343.407
343.407
343.407
343.407
343.407
343.407
343.407
343.407
343.407
343.407
343.407
343.407
343.407
343.407
343.407
343.407
343.407
343.407
343.407
343.407
343.407
343.407
343.407
343.407
343.407
343.407
343.407
343.407
343.407
343.407
343.407
343.407
343.407
343.407
343.407
343.407
343.407
343.407
343.407
343.407
343.407
343.407
343.407
343.407
343.407
343.407
343.407
343.407
343.407
343.407
343.407
343.407
343.407
343.407
343.407
343.407
343.407
343.407
343.407
343.407
343.407
343.407
343.407
343.407
343.407
343.407
343.407
343.407
343.407
343.407
343.407
343.407
343.407
343.407
343.407
343.407
343.407
343.407
343.407
343.407
343.407
343.407
343.407
343.407
343.407
343.407
343.407
343.407
343.407
343.407
343.407
343.407
343.407
343.407
343.407
343.407
343.407
343.407
343.407
343.407
343.407
343.407
343.407
343.407
343.406
343.405
343.401
343.393
343.373
343.332
343.247
343.085
342.795
342.307
341.541
340.417
338.874
336.883
334.453
331.63
328.507
325.18
321.706
318.154
314.5
310.883
307.169
303.552
299.96
296.775
294.229
292.588
291.673
291.885
293.091
293.63
297.531
299.368
306.235
310.632
318.47
325.95
334.273
343.253
353.217
364.033
375.038
382.732
394.935
364.708
181.58
1461.49
1463.98
1465.11
1465.69
1466.22
1466.31
1466.36
1466.37
1466.34
1466.3
1466.27
1466.25
1466.24
1466.22
1466.21
1466.21
1466.21
1466.2
1466.2
1466.2
1466.2
1466.2
1466.2
1466.2
1466.2
1466.2
1466.2
1466.2
1466.2
1466.2
1466.2
1466.2
1466.2
1466.19
1466.19
1466.2
1466.19
1466.19
1466.2
1466.2
1466.19
1466.19
1466.2
1466.2
1466.2
1466.19
1466.19
1466.2
1466.19
1466.19
1466.19
1466.19
1466.2
1466.19
1466.2
1466.2
1466.2
1466.2
1466.2
1466.2
1466.2
1466.2
1466.2
1466.21
1466.21
1466.2
1466.2
1466.2
1466.21
1466.21
1466.21
1466.21
1466.21
1466.21
1466.2
1466.21
1466.2
1466.21
1466.2
1466.21
1466.21
1466.21
1466.21
1466.2
1466.21
1466.21
1466.21
1466.2
1466.2
1466.21
1466.21
1466.2
1466.21
1466.21
1466.21
1466.21
1466.21
1466.21
1466.2
1466.21
1466.21
1466.21
1466.21
1466.21
1466.21
1466.2
1466.21
1466.2
1466.21
1466.2
1466.21
1466.21
1466.21
1466.21
1466.21
1466.21
1466.21
1466.2
1466.21
1466.21
1466.2
1466.2
1466.21
1466.21
1466.2
1466.21
1466.21
1466.21
1466.21
1466.21
1466.21
1466.21
1466.2
1466.2
1466.21
1466.21
1466.21
1466.21
1466.21
1466.21
1466.21
1466.21
1466.21
1466.21
1466.21
1466.21
1466.21
1466.21
1466.2
1466.21
1466.21
1466.21
1466.21
1466.21
1466.21
1466.21
1466.21
1466.21
1466.21
1466.2
1466.21
1466.2
1466.2
1466.21
1466.21
1466.21
1466.2
1466.2
1466.21
1466.21
1466.2
1466.21
1466.21
1466.21
1466.21
1466.2
1466.21
1466.21
1466.21
1466.21
1466.21
1466.21
1466.2
1466.2
1466.21
1466.21
1466.21
1466.21
1466.21
1466.21
1466.21
1466.21
1466.21
1466.21
1466.21
1466.21
1466.21
1466.21
1466.2
1466.21
1466.2
1466.21
1466.21
1466.2
1466.21
1466.21
1466.21
1466.21
1466.21
1466.2
1466.21
1466.2
1466.21
1466.2
1466.21
1466.2
1466.21
1466.2
1466.21
1466.21
1466.21
1466.21
1466.21
1466.21
1466.21
1466.2
1466.2
1466.21
1466.21
1466.21
1466.21
1466.21
1466.21
1466.21
1466.21
1466.21
1466.21
1466.21
1466.21
1466.2
1466.21
1466.2
1466.21
1466.21
1466.2
1466.21
1466.21
1466.21
1466.21
1466.2
1466.21
1466.21
1466.21
1466.2
1466.2
1466.2
1466.21
1466.21
1466.21
1466.21
1466.21
1466.21
1466.21
1466.21
1466.21
1466.21
1466.21
1466.21
1466.21
1466.21
1466.21
1466.2
1466.21
1466.21
1466.21
1466.21
1466.21
1466.21
1466.21
1466.2
1466.2
1466.21
1466.21
1466.21
1466.21
1466.21
1466.21
1466.21
1466.21
1466.21
1466.21
1466.2
1466.21
1466.21
1466.2
1466.21
1466.21
1466.21
1466.21
1466.21
1466.21
1466.21
1466.21
1466.21
1466.21
1466.2
1466.21
1466.21
1466.2
1466.21
1466.21
1466.21
1466.21
1466.21
1466.21
1466.2
1466.21
1466.21
1466.21
1466.21
1466.21
1466.21
1466.21
1466.21
1466.21
1466.21
1466.21
1466.21
1466.2
1466.21
1466.21
1466.21
1466.21
1466.21
1466.21
1466.21
1466.21
1466.21
1466.21
1466.21
1466.21
1466.2
1466.21
1466.21
1466.21
1466.21
1466.2
1466.21
1466.21
1466.21
1466.2
1466.21
1466.21
1466.21
1466.2
1466.21
1466.21
1466.21
1466.21
1466.2
1466.21
1466.21
1466.21
1466.21
1466.21
1466.21
1466.21
1466.2
1466.21
1466.21
1466.21
1466.2
1466.21
1466.2
1466.21
1466.2
1466.2
1466.21
1466.21
1466.21
1466.2
1466.21
1466.21
1466.21
1466.2
1466.21
1466.21
1466.21
1466.21
1466.21
1466.21
1466.21
1466.21
1466.21
1466.21
1466.21
1466.21
1466.21
1466.21
1466.21
)
;

boundaryField
{
    sides
    {
        type            calculated;
        value           nonuniform List<scalar> 2(1466.21 343.407);
    }
    empty1
    {
        type            empty;
    }
    empty2
    {
        type            empty;
    }
}


// ************************************************************************* //
