/*--------------------------------*- C++ -*----------------------------------*\
| =========                 |                                                 |
| \\      /  F ield         | OpenFOAM: The Open Source CFD Toolbox           |
|  \\    /   O peration     | Version:  2312                                  |
|   \\  /    A nd           | Website:  www.openfoam.com                      |
|    \\/     M anipulation  |                                                 |
\*---------------------------------------------------------------------------*/
FoamFile
{
    version     2.0;
    format      ascii;
    arch        "LSB;label=32;scalar=64";
    class       volScalarField;
    location    "5e-05";
    object      p;
}
// * * * * * * * * * * * * * * * * * * * * * * * * * * * * * * * * * * * * * //

dimensions      [1 -1 -2 0 0 0 0];

internalField   nonuniform List<scalar> 
800
(
1e+06
1e+06
1e+06
1e+06
1e+06
1e+06
1e+06
1e+06
1e+06
1e+06
1e+06
1e+06
1e+06
1e+06
1e+06
1e+06
1e+06
1e+06
1e+06
1e+06
1e+06
1e+06
1e+06
1e+06
1e+06
1e+06
1e+06
1e+06
1e+06
1e+06
1e+06
1e+06
1e+06
1e+06
1e+06
1e+06
1e+06
1e+06
1e+06
1e+06
1e+06
1e+06
1e+06
1e+06
1e+06
1e+06
1e+06
1e+06
1e+06
1e+06
1e+06
1e+06
1e+06
1e+06
1e+06
1e+06
1e+06
1e+06
1e+06
1e+06
1e+06
1e+06
1e+06
1e+06
1e+06
1e+06
1e+06
1e+06
1e+06
1e+06
1e+06
1e+06
1e+06
1e+06
1e+06
1e+06
1e+06
1e+06
1e+06
1e+06
1e+06
1e+06
1e+06
1e+06
1e+06
1e+06
1e+06
1e+06
1e+06
1e+06
1e+06
1e+06
1e+06
1e+06
1e+06
1e+06
1e+06
1e+06
1e+06
1e+06
1e+06
1e+06
1e+06
1e+06
1e+06
1e+06
1e+06
1e+06
1e+06
1e+06
1e+06
1e+06
1e+06
1e+06
1e+06
1e+06
1e+06
1e+06
1e+06
1e+06
1e+06
1e+06
1e+06
1e+06
1e+06
1e+06
1e+06
1e+06
1e+06
1e+06
1e+06
1e+06
1e+06
1e+06
1e+06
1e+06
1e+06
1e+06
1e+06
1e+06
1e+06
1e+06
1e+06
1e+06
1e+06
1e+06
1e+06
1e+06
1e+06
1e+06
1e+06
1e+06
1e+06
1e+06
1e+06
1e+06
1e+06
1e+06
1e+06
1e+06
1e+06
1e+06
1e+06
1e+06
1e+06
1e+06
1e+06
1e+06
1e+06
1e+06
1e+06
1e+06
1e+06
1e+06
1e+06
1e+06
1e+06
1e+06
1e+06
1e+06
1e+06
1e+06
1e+06
1e+06
1e+06
1e+06
1e+06
1e+06
1e+06
1e+06
1e+06
1e+06
1e+06
1e+06
1e+06
1e+06
1e+06
1e+06
1e+06
1e+06
1e+06
1e+06
1e+06
1e+06
1e+06
1e+06
1e+06
1e+06
1e+06
1e+06
1e+06
1e+06
1e+06
1e+06
1e+06
1e+06
1e+06
1e+06
1e+06
1e+06
1e+06
1e+06
1e+06
1e+06
1e+06
1e+06
1e+06
1e+06
1e+06
1e+06
1e+06
1e+06
1e+06
1e+06
1e+06
1e+06
1e+06
1e+06
1e+06
1e+06
1e+06
1e+06
1e+06
1e+06
1e+06
1e+06
1e+06
1e+06
1e+06
1e+06
1e+06
1e+06
1e+06
1e+06
1e+06
1e+06
1e+06
1e+06
1e+06
1e+06
1e+06
1e+06
1e+06
1e+06
1e+06
1e+06
1e+06
1e+06
1e+06
1e+06
1e+06
1e+06
1e+06
1e+06
1e+06
1e+06
1e+06
1e+06
1e+06
1e+06
1e+06
1e+06
1e+06
1e+06
1e+06
1e+06
1e+06
1e+06
1e+06
1e+06
1e+06
1e+06
1e+06
1e+06
1e+06
1e+06
1e+06
1e+06
1e+06
1e+06
1e+06
1e+06
1e+06
1e+06
1e+06
1e+06
1e+06
1e+06
1e+06
1e+06
1e+06
1e+06
1e+06
1e+06
1e+06
1e+06
1e+06
1e+06
1e+06
1e+06
1e+06
1e+06
1e+06
1e+06
1e+06
1e+06
1e+06
1e+06
1e+06
1e+06
1e+06
1e+06
1e+06
1e+06
1e+06
1e+06
1e+06
1e+06
1e+06
1e+06
1e+06
1e+06
1e+06
1e+06
1e+06
1e+06
1e+06
1e+06
1e+06
1e+06
1e+06
999999
999996
999989
999971
999925
999813
999555
998985
997794
995444
991089
983530
971299
952894
927163
893695
853028
806538
756437
705095
654686
604830
557984
512818
471314
431406
395277
363229
337042
316798
304311
294825
295316
285369
293874
278566
287296
272599
267844
257026
246291
235640
232670
235738
242881
250401
298338
282990
158202
637602
524225
494910
461130
430100
401024
364411
327523
283249
235224
187090
151120
126766
111379
102148
96808.5
93784
92071.6
91071.4
90439.3
89985.4
89608.6
89258.2
88912.9
88568.3
88209
87836.4
87439.4
87021.9
86599.4
86194.4
85797.7
85401
85002.1
84605.1
84188.7
83752.6
83288.2
82786.9
82234.8
81642
81009.9
80348.2
79669.1
78978.7
78247
77511.4
76966
76660.6
76556.9
76554.6
76638.6
76858.9
77345.8
78174.3
79477.7
81341.7
83846.6
87009.9
90706.9
93863.5
96072.4
97560.6
98527.8
99135.7
99505.8
99724.6
99850.2
99920.5
99958.8
99979.1
99989.7
99995.1
99997.7
99999
99999.7
99999.9
100000
100000
100000
100000
100000
100000
100000
100000
100000
100000
100000
100000
100000
100000
100000
100000
100000
100000
100000
100000
100000
100000
100000
100000
100000
100000
100000
100000
100000
100000
100000
100000
100000
100000
100000
100000
100000
100000
100000
100000
100000
100000
100000
100000
100000
100000
100000
100000
100000
100000
100000
100000
100000
100000
100000
100000
100000
100000
100000
100000
100000
100000
100000
100000
100000
100000
100000
100000
100000
100000
100000
100000
100000
100000
100000
100000
100000
100000
100000
100000
100000
100000
100000
100000
100000
100000
100000
100000
100000
100000
100000
100000
100000
100000
100000
100000
100000
100000
100000
100000
100000
100000
100000
100000
100000
100000
100000
100000
100000
100000
100000
100000
100000
100000
100000
100000
100000
100000
100000
100000
100000
100000
100000
100000
100000
100000
100000
100000
100000
100000
100000
100000
100000
100000
100000
100000
100000
100000
100000
100000
100000
100000
100000
100000
100000
100000
100000
100000
100000
100000
100000
100000
100000
100000
100000
100000
100000
100000
100000
100000
100000
100000
100000
100000
100000
100000
100000
100000
100000
100000
100000
100000
100000
100000
100000
100000
100000
100000
100000
100000
100000
100000
100000
100000
100000
100000
100000
100000
100000
100000
100000
100000
100000
100000
100000
100000
100000
100000
100000
100000
100000
100000
100000
100000
100000
100000
100000
100000
100000
100000
100000
100000
100000
100000
100000
100000
100000
100000
100000
100000
100000
100000
100000
100000
100000
100000
100000
100000
100000
100000
100000
100000
100000
100000
100000
100000
100000
100000
100000
100000
100000
100000
100000
100000
100000
100000
100000
100000
100000
100000
100000
100000
100000
100000
100000
100000
100000
100000
100000
100000
100000
100000
100000
100000
100000
100000
100000
100000
100000
100000
100000
100000
100000
100000
100000
100000
100000
100000
100000
100000
100000
100000
100000
100000
100000
100000
100000
100000
100000
100000
100000
100000
100000
100000
100000
100000
100000
100000
100000
100000
100000
100000
100000
100000
100000
100000
100000
100000
100000
100000
100000
100000
100000
100000
100000
100000
100000
100000
100000
100000
100000
100000
100000
)
;

boundaryField
{
    sides
    {
        type            zeroGradient;
    }
    empty1
    {
        type            empty;
    }
    empty2
    {
        type            empty;
    }
}


// ************************************************************************* //
