/*--------------------------------*- C++ -*----------------------------------*\
| =========                 |                                                 |
| \\      /  F ield         | OpenFOAM: The Open Source CFD Toolbox           |
|  \\    /   O peration     | Version:  2312                                  |
|   \\  /    A nd           | Website:  www.openfoam.com                      |
|    \\/     M anipulation  |                                                 |
\*---------------------------------------------------------------------------*/
FoamFile
{
    version     2.0;
    format      ascii;
    arch        "LSB;label=32;scalar=64";
    class       surfaceScalarField;
    location    "5e-05";
    object      phiRhoHat_nei;
}
// * * * * * * * * * * * * * * * * * * * * * * * * * * * * * * * * * * * * * //

dimensions      [1 0 -1 0 0 0 0];

oriented        oriented;

internalField   nonuniform List<scalar> 
799
(
-0
-0
3.05007e-17
-6.10014e-17
-1.52503e-17
3.05007e-17
3.04763e-32
-0
-0
3.05007e-17
-0
6.10014e-17
-0
-0
-6.10014e-17
-6.10014e-17
-0
-6.10014e-17
3.05007e-17
1.52503e-17
-3.05007e-17
-3.05007e-17
-6.10014e-17
-0
-0
3.05007e-17
1.52503e-17
-6.10014e-17
-3.45398e-31
-0
-0
-6.10014e-17
-4.5751e-17
-2.26879e-31
-0
-3.05007e-17
-2.81059e-31
-0
3.05007e-17
1.18519e-31
-0
-0
-0
3.05007e-17
-3.05007e-17
-3.05007e-17
-3.05007e-17
-1.99789e-31
-0
3.05007e-17
3.38626e-33
-0
-0
6.10014e-17
6.77251e-33
-0
-0
-0
-0
-0
3.05007e-17
-6.10014e-17
-6.10014e-17
-0
-0
-0
-0
-0
-3.05007e-17
-0
-0
-0
-6.10014e-17
6.10014e-17
-3.05007e-17
-1.52503e-17
3.05007e-17
-3.05007e-17
3.05007e-17
6.43389e-32
-0
-0
-0
3.05007e-17
3.42012e-31
-0
3.05007e-17
-0
6.10014e-17
-0
3.05007e-17
3.05007e-17
-0
-0
-6.10014e-17
-6.10014e-17
-1.21905e-31
-0
3.05007e-17
-6.10014e-17
-4.5751e-17
3.05007e-17
-3.05007e-17
-0
-0
-0
-0
-0
-0
-0
-0
-0
-3.05007e-17
-3.45398e-31
-0
-0
-0
-0
6.10014e-17
1.52503e-17
-3.05007e-17
-3.45398e-31
-0
6.10014e-17
6.90796e-31
-0
-0
-0
-0
-3.05007e-17
-2.26879e-31
-0
-0
-0
-0
-3.05007e-17
-1.52503e-17
6.10014e-17
6.84024e-31
-0
-0
-0
-0
-0
3.05007e-17
-0
-0
-0
-0
-0
-6.10014e-17
-0
-0
-0
-0
-6.10014e-17
-1.52503e-17
3.05007e-17
-3.05007e-17
-3.05007e-17
3.05007e-17
-0
3.05007e-17
-3.05007e-17
-0
-0
-0
-6.10014e-17
-6.10014e-17
-9.07517e-31
-0
-0
-0
1.52503e-17
6.10014e-17
-1.52503e-17
-6.10014e-17
-4.5751e-17
1.52503e-17
6.10014e-17
1.52503e-17
-3.05007e-17
-0
-6.10014e-17
-0
-6.10014e-17
3.05007e-17
-0
-0
-3.05007e-17
-3.05007e-17
-6.10014e-17
-4.5751e-17
3.05007e-17
-0
6.10014e-17
-0
-0
-0
-0
-0
-0
-0
-6.10014e-17
-4.5751e-17
-3.38626e-33
-0
-6.10014e-17
-3.05007e-17
6.10014e-17
4.5751e-17
3.38626e-33
-0
3.05007e-17
2.04191e-30
-0
-0
-0
-0
-0
-3.05007e-17
-1.52503e-17
6.10014e-17
2.72255e-30
-0
-0
3.05007e-17
-0
3.05007e-17
3.05007e-17
-0
-0
3.05007e-17
3.05007e-17
3.38626e-33
-0
-6.10014e-17
-0
-6.10014e-17
-0
-3.05007e-17
-1.52503e-17
3.05007e-17
3.05007e-17
-3.05007e-17
-3.05007e-17
-0
-1.52503e-17
-6.10014e-17
-6.77251e-33
-0
-6.10014e-17
-1.52503e-17
3.05007e-17
3.05007e-17
-6.10014e-17
-6.10014e-17
-4.9778e-30
-0
-0
-0
6.10014e-17
-0
-0
-0
-0
-0
-0
-0
-0
3.05007e-17
3.38626e-33
-0
-0
-0
-3.05007e-17
-3.38626e-33
-0
-3.05007e-17
-0
-0
-3.05007e-17
-3.05007e-17
-6.84024e-31
-0
-0
-0
3.05007e-17
-0
3.05007e-17
-3.05007e-17
-3.05007e-17
-3.38626e-33
-0
3.05007e-17
-6.10014e-17
3.05007e-17
-3.05007e-17
-0
-0
-6.10014e-17
3.05007e-17
3.05007e-17
1.58477e-30
-0
-6.10014e-17
-0
-0
-0
-0
3.05007e-17
-0
-0
-0
-0
-0
-3.05007e-17
-3.05007e-17
-1.81165e-30
-0
6.10014e-17
-3.05007e-17
-1.81503e-30
-0
3.05007e-17
-6.10014e-17
-0
-3.05007e-17
-1.52503e-17
3.05007e-17
3.05007e-17
-0
-0
-6.10014e-17
3.05007e-17
3.05007e-17
-0
3.05007e-17
-1.52503e-17
-6.10014e-17
-6.77251e-33
-0
-0
-6.10014e-17
-4.5751e-17
-0
-3.05007e-17
-0
-0
-0
-0
-0
-0
-0
-6.0999e-17
-6.77185e-33
-0
-3.04837e-17
-3.04628e-17
-2.29657e-31
-0
-3.01893e-17
-0
-2.95378e-17
-1.93463e-30
-0
-2.70577e-17
-0
-2.42052e-17
-8.37109e-31
-0
-1.88298e-17
-0
-7.46067e-18
-6.46081e-18
5.45116e-18
4.43928e-18
1.72831e-18
-2.56096e-18
-0
-1.24312e-18
-1.94277e-32
-0
-0
-0
9.09298e-19
5.34116e-32
-0
6.11036e-19
-0
-0
-0
-0
-0
-0
-0
-0
-4.52376e-15
-0.000112335
-72.9614
-73.116
-73.1867
-73.2183
-73.2561
-73.2631
-73.268
-73.2695
-73.2709
-73.2707
-73.2705
-73.2707
-73.2708
-73.2707
-73.2705
-73.2704
-73.2703
-73.2703
-73.2703
-73.2703
-73.2702
-73.27
-73.2703
-73.2703
-73.27
-73.27
-73.27
-73.2703
-73.2703
-73.2703
-73.2703
-73.2703
-73.2703
-73.2702
-73.27
-73.2703
-73.2703
-73.2701
-73.2703
-73.2703
-73.2703
-73.27
-73.2703
-73.2703
-73.2703
-73.2703
-73.27
-73.2703
-73.2704
-73.2701
-73.2701
-73.27
-73.2703
-73.2703
-73.2703
-73.2703
-73.2703
-73.2703
-73.2702
-73.2701
-73.2702
-73.2702
-73.27
-73.2702
-73.2702
-73.2702
-73.27
-73.27
-73.2702
-73.2702
-73.2702
-73.2702
-73.2702
-73.2702
-73.2702
-73.27
-73.27
-73.2702
-73.2702
-73.2702
-73.2702
-73.2702
-73.2702
-73.2702
-73.2701
-73.2702
-73.2702
-73.2702
-73.27
-73.2702
-73.2702
-73.2701
-73.2702
-73.2702
-73.2702
-73.2702
-73.2702
-73.2702
-73.2701
-73.2701
-73.2702
-73.2702
-73.2702
-73.2702
-73.2702
-73.2702
-73.2702
-73.2702
-73.2702
-73.2702
-73.2702
-73.2702
-73.2702
-73.2702
-73.2702
-73.2702
-73.2702
-73.2701
-73.2701
-73.2702
-73.2702
-73.27
-73.2702
-73.2702
-73.2702
-73.2701
-73.2702
-73.2702
-73.2702
-73.2702
-73.2702
-73.2702
-73.2702
-73.27
-73.2702
-73.2702
-73.2702
-73.2702
-73.2702
-73.2702
-73.2702
-73.2702
-73.2702
-73.2702
-73.2702
-73.2702
-73.2702
-73.2702
-73.2702
-73.2702
-73.2702
-73.2702
-73.2702
-73.2702
-73.2702
-73.2702
-73.2702
-73.2702
-73.2702
-73.2702
-73.2702
-73.2702
-73.27
-73.2702
-73.2702
-73.2702
-73.2702
-73.27
-73.2702
-73.2702
-73.2702
-73.2701
-73.2702
-73.2702
-73.2702
-73.2701
-73.2702
-73.2702
-73.2702
-73.2702
-73.2702
-73.2702
-73.2702
-73.27
-73.2702
-73.2702
-73.2702
-73.2702
-73.2702
-73.2702
-73.2702
-73.2702
-73.2702
-73.2702
-73.2702
-73.2702
-73.2702
-73.2702
-73.2702
-73.2701
-73.2701
-73.2702
-73.2702
-73.2702
-73.2702
-73.2702
-73.2702
-73.2702
-73.2702
-73.2702
-73.2702
-73.2702
-73.2701
-73.2701
-73.2702
-73.2702
-73.2702
-73.2702
-73.2702
-73.2702
-73.2702
-73.2702
-73.2702
-73.2702
-73.2702
-73.2701
-73.27
-73.2702
-73.2702
-73.2702
-73.2702
-73.2702
-73.2702
-73.2702
-73.2702
-73.2702
-73.2702
-73.2702
-73.2702
-73.2702
-73.2702
-73.2702
-73.2702
-73.2702
-73.2702
-73.2702
-73.2702
-73.2702
-73.2702
-73.2702
-73.2702
-73.2702
-73.2702
-73.2702
-73.27
-73.27
-73.2702
-73.2702
-73.2702
-73.2702
-73.2702
-73.2702
-73.2702
-73.2702
-73.2702
-73.2702
-73.2702
-73.2702
-73.2702
-73.2702
-73.2702
-73.2702
-73.2702
-73.2702
-73.2702
-73.2702
-73.2702
-73.2702
-73.2702
-73.2702
-73.27
-73.2702
-73.2702
-73.2702
-73.2702
-73.2702
-73.2702
-73.2702
-73.2702
-73.2702
-73.2702
-73.2702
-73.2701
-73.2702
-73.2702
-73.2701
-73.2702
-73.2702
-73.2702
-73.2702
-73.2702
-73.2702
-73.2702
-73.2702
-73.2702
-73.2701
-73.2702
-73.2702
-73.2701
-73.2702
-73.2702
-73.2702
-73.2702
-73.2702
-73.2702
-73.2702
-73.2702
-73.2702
-73.2702
-73.2702
-73.2702
-73.2702
-73.2702
-73.2702
-73.2702
-73.2702
-73.2702
-73.2702
-73.2702
-73.2702
-73.2702
-73.2702
-73.2702
-73.2702
-73.2702
-73.2702
-73.2702
-73.2702
-73.2702
-73.2702
-73.2702
-73.2701
-73.2702
-73.2702
-73.2702
-73.2702
-73.2702
-73.2702
-73.2702
-73.2702
-73.2702
-73.2702
-73.2702
-73.2701
-73.2701
-73.2702
-73.2702
-73.2702
-73.2702
-73.2702
-73.2702
-73.2702
-73.2702
-73.2702
-73.2702
-73.2702
-73.2702
-73.2701
-73.2701
-73.2702
-73.2702
-73.2702
-73.2702
-73.2702
-73.2701
-73.2701
-73.27
-73.2702
-73.2702
-73.2702
-73.2701
-73.2701
-73.2702
-73.2702
-73.2702
-73.2702
-73.2702
-73.2702
-73.2702
-73.2702
-73.2702
-73.2702
-73.2702
-73.2702
-73.2702
-73.2702
-73.2702
-73.2702
-73.2702
-73.2702
)
;

boundaryField
{
    sides
    {
        type            calculated;
        value           nonuniform List<scalar> 2(-73.2702 -0);
    }
    empty1
    {
        type            empty;
        value           nonuniform List<scalar> 0();
    }
    empty2
    {
        type            empty;
        value           nonuniform List<scalar> 0();
    }
}


// ************************************************************************* //
