/*--------------------------------*- C++ -*----------------------------------*\
| =========                 |                                                 |
| \\      /  F ield         | OpenFOAM: The Open Source CFD Toolbox           |
|  \\    /   O peration     | Version:  2312                                  |
|   \\  /    A nd           | Website:  www.openfoam.com                      |
|    \\/     M anipulation  |                                                 |
\*---------------------------------------------------------------------------*/
FoamFile
{
    version     2.0;
    format      ascii;
    arch        "LSB;label=32;scalar=64";
    class       surfaceScalarField;
    location    "5e-05";
    object      phiRhoHat_own;
}
// * * * * * * * * * * * * * * * * * * * * * * * * * * * * * * * * * * * * * //

dimensions      [1 0 -1 0 0 0 0];

oriented        oriented;

internalField   nonuniform List<scalar> 
799
(
0
0
0
-3.05007e-17
6.10014e-17
-1.52503e-17
-3.05007e-17
0
0
0
-3.05007e-17
0
-6.10014e-17
0
1.15133e-31
6.10014e-17
6.10014e-17
0
6.10014e-17
-3.05007e-17
1.52503e-17
3.05007e-17
3.05007e-17
6.10014e-17
0
0
-3.05007e-17
1.52503e-17
6.10014e-17
0
0
6.77251e-33
6.10014e-17
1.52503e-17
0
3.38626e-33
3.05007e-17
0
0
-3.05007e-17
0
0
0
0
-3.05007e-17
3.05007e-17
3.05007e-17
3.05007e-17
0
0
-3.05007e-17
0
0
-1.15133e-31
-6.10014e-17
0
0
0
0
0
0
-3.05007e-17
6.10014e-17
6.10014e-17
0
0
0
0
4.53758e-31
3.05007e-17
0
0
6.77251e-33
6.10014e-17
-6.10014e-17
3.05007e-17
-1.52503e-17
-3.05007e-17
3.05007e-17
-3.05007e-17
0
0
0
-3.42012e-31
-3.05007e-17
0
-3.38626e-33
-3.05007e-17
0
-6.10014e-17
0
-3.05007e-17
-3.05007e-17
0
0
6.10014e-17
6.10014e-17
0
-3.38626e-33
-3.05007e-17
6.10014e-17
1.52503e-17
-3.05007e-17
3.05007e-17
0
0
0
0
0
0
0
0
0
3.05007e-17
0
0
0
0
0
-6.10014e-17
1.52503e-17
3.05007e-17
0
0
-6.10014e-17
0
0
0
0
2.30265e-31
3.05007e-17
0
0
0
0
0
3.05007e-17
-1.52503e-17
-6.10014e-17
0
0
0
0
0
0
-3.05007e-17
0
0
0
0
0
6.10014e-17
0
0
0
0
6.10014e-17
-1.52503e-17
-3.05007e-17
3.05007e-17
3.05007e-17
-3.05007e-17
0
-3.05007e-17
3.05007e-17
0
0
0
6.10014e-17
6.10014e-17
0
0
0
-2.26879e-31
-4.5751e-17
-6.10014e-17
4.5751e-17
6.10014e-17
1.52503e-17
-4.5751e-17
-6.10014e-17
1.52503e-17
3.05007e-17
0
6.10014e-17
0
6.10014e-17
-3.05007e-17
0
0
3.05007e-17
3.05007e-17
6.10014e-17
1.52503e-17
-3.05007e-17
0
-6.10014e-17
0
0
0
0
0
0
0
6.10014e-17
1.52503e-17
0
9.07517e-31
6.10014e-17
-3.05007e-17
-6.10014e-17
-1.52503e-17
0
0
-3.05007e-17
0
0
0
0
0
3.38626e-33
3.05007e-17
-1.52503e-17
-6.10014e-17
0
0
-6.77251e-31
-3.05007e-17
0
-3.05007e-17
-3.05007e-17
0
-4.53758e-31
-3.05007e-17
-3.05007e-17
0
0
6.10014e-17
0
6.10014e-17
0
3.05007e-17
-1.52503e-17
-3.05007e-17
-3.05007e-17
3.05007e-17
3.05007e-17
0
4.5751e-17
6.10014e-17
0
1.3545e-30
6.10014e-17
-1.52503e-17
-3.05007e-17
-3.05007e-17
6.10014e-17
6.10014e-17
0
0
0
0
-6.10014e-17
0
0
0
0
0
0
0
-4.50372e-31
-3.05007e-17
0
0
0
0
3.05007e-17
0
4.57145e-31
3.05007e-17
0
1.58477e-30
3.05007e-17
3.05007e-17
0
0
0
-1.13101e-30
-3.05007e-17
0
-3.05007e-17
3.05007e-17
3.05007e-17
0
0
-3.05007e-17
6.10014e-17
-3.05007e-17
3.05007e-17
0
0
6.10014e-17
-3.05007e-17
-3.05007e-17
0
0
6.10014e-17
0
0
0
0
-3.05007e-17
0
0
0
0
0
3.05007e-17
3.05007e-17
0
-4.53758e-31
-6.10014e-17
3.05007e-17
0
0
-3.05007e-17
6.10014e-17
0
3.05007e-17
-1.52503e-17
-3.05007e-17
-3.05007e-17
0
2.71578e-30
6.10014e-17
-3.05007e-17
-3.05007e-17
0
-3.05007e-17
4.5751e-17
6.10014e-17
0
0
0
6.10014e-17
1.52503e-17
0
3.05007e-17
0
0
0
0
0
0
0
6.10041e-17
0
0
3.05196e-17
3.05419e-17
0
0
3.08131e-17
0
3.14063e-17
0
0
3.34347e-17
0
3.55623e-17
0
0
3.93102e-17
0
2.09881e-17
2.16696e-17
-2.23585e-17
-2.30395e-17
1.18402e-17
2.4258e-17
0
2.50396e-17
0
0
0
0
-2.64121e-17
0
0
-2.7976e-17
0
0
0
0
0
0
0
2.14459e-27
7.05779e-14
0.00178022
73.144
73.2158
73.2446
73.2802
73.2852
73.2878
73.2869
73.2852
73.2819
73.278
73.2753
73.2734
73.272
73.2709
73.2703
73.27
73.2698
73.2697
73.2696
73.2695
73.2693
73.2695
73.2695
73.2692
73.2692
73.2692
73.2694
73.2694
73.2693
73.2693
73.2693
73.2693
73.2692
73.269
73.2692
73.2692
73.2689
73.2691
73.2691
73.269
73.2687
73.269
73.2689
73.2689
73.2688
73.2684
73.2687
73.2687
73.2684
73.2684
73.2684
73.2687
73.2687
73.2688
73.2688
73.2689
73.2691
73.2692
73.2693
73.2697
73.2698
73.2697
73.2701
73.2701
73.2701
73.27
73.27
73.2702
73.2702
73.2702
73.2702
73.2702
73.2702
73.2702
73.27
73.27
73.2702
73.2702
73.2702
73.2702
73.2702
73.2702
73.2702
73.2701
73.2702
73.2702
73.2702
73.27
73.2702
73.2702
73.2701
73.2702
73.2702
73.2702
73.2702
73.2702
73.2702
73.2701
73.2701
73.2702
73.2702
73.2702
73.2702
73.2702
73.2702
73.2702
73.2702
73.2702
73.2702
73.2702
73.2702
73.2702
73.2702
73.2702
73.2702
73.2702
73.2701
73.2701
73.2702
73.2702
73.27
73.2702
73.2702
73.2702
73.2701
73.2702
73.2702
73.2702
73.2702
73.2702
73.2702
73.2702
73.27
73.2702
73.2702
73.2702
73.2702
73.2702
73.2702
73.2702
73.2702
73.2702
73.2702
73.2702
73.2702
73.2702
73.2702
73.2702
73.2702
73.2702
73.2702
73.2702
73.2702
73.2702
73.2702
73.2702
73.2702
73.2702
73.2702
73.2702
73.2702
73.27
73.2702
73.2702
73.2702
73.2702
73.27
73.2702
73.2702
73.2702
73.2701
73.2702
73.2702
73.2702
73.2701
73.2702
73.2702
73.2702
73.2702
73.2702
73.2702
73.2702
73.27
73.2702
73.2702
73.2702
73.2702
73.2702
73.2702
73.2702
73.2702
73.2702
73.2702
73.2702
73.2702
73.2702
73.2702
73.2702
73.2701
73.2701
73.2702
73.2702
73.2702
73.2702
73.2702
73.2702
73.2702
73.2702
73.2702
73.2702
73.2702
73.2701
73.2701
73.2702
73.2702
73.2702
73.2702
73.2702
73.2702
73.2702
73.2702
73.2702
73.2702
73.2702
73.2701
73.27
73.2702
73.2702
73.2702
73.2702
73.2702
73.2702
73.2702
73.2702
73.2702
73.2702
73.2702
73.2702
73.2702
73.2702
73.2702
73.2702
73.2702
73.2702
73.2702
73.2702
73.2702
73.2702
73.2702
73.2702
73.2702
73.2702
73.2702
73.27
73.27
73.2702
73.2702
73.2702
73.2702
73.2702
73.2702
73.2702
73.2702
73.2702
73.2702
73.2702
73.2702
73.2702
73.2702
73.2702
73.2702
73.2702
73.2702
73.2702
73.2702
73.2702
73.2702
73.2702
73.2702
73.27
73.2702
73.2702
73.2702
73.2702
73.2702
73.2702
73.2702
73.2702
73.2702
73.2702
73.2702
73.2701
73.2702
73.2702
73.2701
73.2702
73.2702
73.2702
73.2702
73.2702
73.2702
73.2702
73.2702
73.2702
73.2701
73.2702
73.2702
73.2701
73.2702
73.2702
73.2702
73.2702
73.2702
73.2702
73.2702
73.2702
73.2702
73.2702
73.2702
73.2702
73.2702
73.2702
73.2702
73.2702
73.2702
73.2702
73.2702
73.2702
73.2702
73.2702
73.2702
73.2702
73.2702
73.2702
73.2702
73.2702
73.2702
73.2702
73.2702
73.2702
73.2701
73.2702
73.2702
73.2702
73.2702
73.2702
73.2702
73.2702
73.2702
73.2702
73.2702
73.2702
73.2701
73.2701
73.2702
73.2702
73.2702
73.2702
73.2702
73.2702
73.2702
73.2702
73.2702
73.2702
73.2702
73.2702
73.2701
73.2701
73.2702
73.2702
73.2702
73.2702
73.2702
73.2701
73.2701
73.27
73.2702
73.2702
73.2702
73.2701
73.2701
73.2702
73.2702
73.2702
73.2702
73.2702
73.2702
73.2702
73.2702
73.2702
73.2702
73.2702
73.2702
73.2702
73.2702
73.2702
73.2702
73.2702
73.2702
)
;

boundaryField
{
    sides
    {
        type            calculated;
        value           nonuniform List<scalar> 2(73.2702 0);
    }
    empty1
    {
        type            empty;
        value           nonuniform List<scalar> 0();
    }
    empty2
    {
        type            empty;
        value           nonuniform List<scalar> 0();
    }
}


// ************************************************************************* //
