/*--------------------------------*- C++ -*----------------------------------*\
| =========                 |                                                 |
| \\      /  F ield         | OpenFOAM: The Open Source CFD Toolbox           |
|  \\    /   O peration     | Version:  2312                                  |
|   \\  /    A nd           | Website:  www.openfoam.com                      |
|    \\/     M anipulation  |                                                 |
\*---------------------------------------------------------------------------*/
FoamFile
{
    version     2.0;
    format      ascii;
    arch        "LSB;label=32;scalar=64";
    class       volScalarField;
    location    "5e-05";
    object      rho;
}
// * * * * * * * * * * * * * * * * * * * * * * * * * * * * * * * * * * * * * //

dimensions      [1 -3 0 0 0 0 0];

internalField   nonuniform List<scalar> 
800
(
11.8858
11.8858
11.8858
11.8858
11.8858
11.8858
11.8858
11.8858
11.8858
11.8858
11.8858
11.8858
11.8858
11.8858
11.8858
11.8858
11.8858
11.8858
11.8858
11.8858
11.8858
11.8858
11.8858
11.8858
11.8858
11.8858
11.8858
11.8858
11.8858
11.8858
11.8858
11.8858
11.8858
11.8858
11.8858
11.8858
11.8858
11.8858
11.8858
11.8858
11.8858
11.8858
11.8858
11.8858
11.8858
11.8858
11.8858
11.8858
11.8858
11.8858
11.8858
11.8858
11.8858
11.8858
11.8858
11.8858
11.8858
11.8858
11.8858
11.8858
11.8858
11.8858
11.8858
11.8858
11.8858
11.8858
11.8858
11.8858
11.8858
11.8858
11.8858
11.8858
11.8858
11.8858
11.8858
11.8858
11.8858
11.8858
11.8858
11.8858
11.8858
11.8858
11.8858
11.8858
11.8858
11.8858
11.8858
11.8858
11.8858
11.8858
11.8858
11.8858
11.8858
11.8858
11.8858
11.8858
11.8858
11.8858
11.8858
11.8858
11.8858
11.8858
11.8858
11.8858
11.8858
11.8858
11.8858
11.8858
11.8858
11.8858
11.8858
11.8858
11.8858
11.8858
11.8858
11.8858
11.8858
11.8858
11.8858
11.8858
11.8858
11.8858
11.8858
11.8858
11.8858
11.8858
11.8858
11.8858
11.8858
11.8858
11.8858
11.8858
11.8858
11.8858
11.8858
11.8858
11.8858
11.8858
11.8858
11.8858
11.8858
11.8858
11.8858
11.8858
11.8858
11.8858
11.8858
11.8858
11.8858
11.8858
11.8858
11.8858
11.8858
11.8858
11.8858
11.8858
11.8858
11.8858
11.8858
11.8858
11.8858
11.8858
11.8858
11.8858
11.8858
11.8858
11.8858
11.8858
11.8858
11.8858
11.8858
11.8858
11.8858
11.8858
11.8858
11.8858
11.8858
11.8858
11.8858
11.8858
11.8858
11.8858
11.8858
11.8858
11.8858
11.8858
11.8858
11.8858
11.8858
11.8858
11.8858
11.8858
11.8858
11.8858
11.8858
11.8858
11.8858
11.8858
11.8858
11.8858
11.8858
11.8858
11.8858
11.8858
11.8858
11.8858
11.8858
11.8858
11.8858
11.8858
11.8858
11.8858
11.8858
11.8858
11.8858
11.8858
11.8858
11.8858
11.8858
11.8858
11.8858
11.8858
11.8858
11.8858
11.8858
11.8858
11.8858
11.8858
11.8858
11.8858
11.8858
11.8858
11.8858
11.8858
11.8858
11.8858
11.8858
11.8858
11.8858
11.8858
11.8858
11.8858
11.8858
11.8858
11.8858
11.8858
11.8858
11.8858
11.8858
11.8858
11.8858
11.8858
11.8858
11.8858
11.8858
11.8858
11.8858
11.8858
11.8858
11.8858
11.8858
11.8858
11.8858
11.8858
11.8858
11.8858
11.8858
11.8858
11.8858
11.8858
11.8858
11.8858
11.8858
11.8858
11.8858
11.8858
11.8858
11.8858
11.8858
11.8858
11.8858
11.8858
11.8858
11.8858
11.8858
11.8858
11.8858
11.8858
11.8858
11.8858
11.8858
11.8858
11.8858
11.8858
11.8858
11.8858
11.8858
11.8858
11.8858
11.8858
11.8858
11.8858
11.8858
11.8858
11.8858
11.8858
11.8858
11.8858
11.8858
11.8858
11.8858
11.8858
11.8858
11.8858
11.8858
11.8858
11.8858
11.8858
11.8858
11.8858
11.8858
11.8858
11.8858
11.8858
11.8858
11.8858
11.8858
11.8858
11.8858
11.8858
11.8858
11.8858
11.8858
11.8858
11.8858
11.8858
11.8858
11.8858
11.8858
11.8858
11.8858
11.8858
11.8858
11.8858
11.8858
11.8858
11.8858
11.8858
11.8858
11.8858
11.8858
11.8858
11.8858
11.8857
11.8856
11.8853
11.8846
11.8829
11.879
11.8706
11.8539
11.822
11.7653
11.6712
11.5258
11.3169
11.0377
10.6891
10.2793
9.82495
9.34645
8.8667
8.37538
7.90728
7.4373
7.00169
6.56245
6.15775
5.78059
5.4571
5.18701
5.01384
4.85052
4.81867
4.6393
4.65312
4.35676
4.29404
3.95985
3.70161
3.39096
3.08954
2.80329
2.61399
2.49341
2.42041
2.39603
2.68105
2.98214
5.2164
999.764
999.707
999.693
999.676
999.661
999.647
999.629
999.611
999.589
999.566
999.542
999.525
999.513
999.506
999.501
999.498
999.497
999.496
999.496
999.495
999.495
999.495
999.495
999.495
999.494
999.494
999.494
999.494
999.494
999.493
999.493
999.493
999.493
999.493
999.492
999.492
999.492
999.492
999.492
999.491
999.491
999.491
999.49
999.49
999.49
999.489
999.489
999.489
999.489
999.489
999.489
999.489
999.489
999.489
999.489
999.49
999.491
999.492
999.494
999.495
999.497
999.498
999.499
999.499
999.5
999.5
999.5
999.5
999.5
999.5
999.5
999.5
999.5
999.5
999.5
999.5
999.5
999.5
999.5
999.5
999.5
999.5
999.5
999.5
999.5
999.5
999.5
999.5
999.5
999.5
999.5
999.5
999.5
999.5
999.5
999.5
999.5
999.5
999.5
999.5
999.5
999.5
999.5
999.5
999.5
999.5
999.5
999.5
999.5
999.5
999.5
999.5
999.5
999.5
999.5
999.5
999.5
999.5
999.5
999.5
999.5
999.5
999.5
999.5
999.5
999.5
999.5
999.5
999.5
999.5
999.5
999.5
999.5
999.5
999.5
999.5
999.5
999.5
999.5
999.5
999.5
999.5
999.5
999.5
999.5
999.5
999.5
999.5
999.5
999.5
999.5
999.5
999.5
999.5
999.5
999.5
999.5
999.5
999.5
999.5
999.5
999.5
999.5
999.5
999.5
999.5
999.5
999.5
999.5
999.5
999.5
999.5
999.5
999.5
999.5
999.5
999.5
999.5
999.5
999.5
999.5
999.5
999.5
999.5
999.5
999.5
999.5
999.5
999.5
999.5
999.5
999.5
999.5
999.5
999.5
999.5
999.5
999.5
999.5
999.5
999.5
999.5
999.5
999.5
999.5
999.5
999.5
999.5
999.5
999.5
999.5
999.5
999.5
999.5
999.5
999.5
999.5
999.5
999.5
999.5
999.5
999.5
999.5
999.5
999.5
999.5
999.5
999.5
999.5
999.5
999.5
999.5
999.5
999.5
999.5
999.5
999.5
999.5
999.5
999.5
999.5
999.5
999.5
999.5
999.5
999.5
999.5
999.5
999.5
999.5
999.5
999.5
999.5
999.5
999.5
999.5
999.5
999.5
999.5
999.5
999.5
999.5
999.5
999.5
999.5
999.5
999.5
999.5
999.5
999.5
999.5
999.5
999.5
999.5
999.5
999.5
999.5
999.5
999.5
999.5
999.5
999.5
999.5
999.5
999.5
999.5
999.5
999.5
999.5
999.5
999.5
999.5
999.5
999.5
999.5
999.5
999.5
999.5
999.5
999.5
999.5
999.5
999.5
999.5
999.5
999.5
999.5
999.5
999.5
999.5
999.5
999.5
999.5
999.5
999.5
999.5
999.5
999.5
999.5
999.5
999.5
999.5
999.5
999.5
999.5
999.5
999.5
999.5
999.5
999.5
999.5
999.5
999.5
999.5
999.5
999.5
999.5
999.5
999.5
999.5
999.5
999.5
999.5
999.5
999.5
999.5
999.5
999.5
999.5
999.5
999.5
999.5
999.5
999.5
999.5
999.5
999.5
999.5
999.5
999.5
999.5
999.5
999.5
999.5
999.5
999.5
999.5
999.5
999.5
999.5
999.5
999.5
999.5
999.5
999.5
999.5
999.5
999.5
999.5
999.5
999.5
999.5
999.5
999.5
999.5
999.5
999.5
999.5
999.5
999.5
999.5
999.5
999.5
999.5
999.5
999.5
999.5
999.5
999.5
999.5
)
;

boundaryField
{
    sides
    {
        type            calculated;
        value           nonuniform List<scalar> 2(999.5 11.8858);
    }
    empty1
    {
        type            empty;
    }
    empty2
    {
        type            empty;
    }
}


// ************************************************************************* //
