/*--------------------------------*- C++ -*----------------------------------*\
| =========                 |                                                 |
| \\      /  F ield         | OpenFOAM: The Open Source CFD Toolbox           |
|  \\    /   O peration     | Version:  2312                                  |
|   \\  /    A nd           | Website:  www.openfoam.com                      |
|    \\/     M anipulation  |                                                 |
\*---------------------------------------------------------------------------*/
FoamFile
{
    version     2.0;
    format      ascii;
    arch        "LSB;label=32;scalar=64";
    class       volScalarField;
    location    "5e-05";
    object      rhoHat;
}
// * * * * * * * * * * * * * * * * * * * * * * * * * * * * * * * * * * * * * //

dimensions      [1 -3 0 0 0 0 0];

internalField   nonuniform List<scalar> 
800
(
0
0
0
-1.77636e-15
3.55271e-15
0
-1.77636e-15
0
0
0
-1.77636e-15
0
-3.55271e-15
0
0
3.55271e-15
3.55271e-15
0
3.55271e-15
-1.77636e-15
0
1.77636e-15
1.77636e-15
3.55271e-15
0
0
-1.77636e-15
0
3.55271e-15
0
0
0
3.55271e-15
1.77636e-15
0
0
1.77636e-15
0
0
-1.77636e-15
0
0
0
0
-1.77636e-15
1.77636e-15
1.77636e-15
1.77636e-15
0
0
-1.77636e-15
0
0
0
-3.55271e-15
0
0
0
0
0
0
-1.77636e-15
3.55271e-15
3.55271e-15
0
0
0
0
0
1.77636e-15
0
0
0
3.55271e-15
-3.55271e-15
1.77636e-15
0
-1.77636e-15
1.77636e-15
-1.77636e-15
0
0
0
0
-1.77636e-15
0
0
-1.77636e-15
0
-3.55271e-15
0
-1.77636e-15
-1.77636e-15
0
0
3.55271e-15
3.55271e-15
0
0
-1.77636e-15
3.55271e-15
1.77636e-15
-1.77636e-15
1.77636e-15
0
0
0
0
0
0
0
0
0
1.77636e-15
0
0
0
0
0
-3.55271e-15
0
1.77636e-15
0
0
-3.55271e-15
0
0
0
0
0
1.77636e-15
0
0
0
0
0
1.77636e-15
0
-3.55271e-15
0
0
0
0
0
0
-1.77636e-15
0
0
0
0
0
3.55271e-15
0
0
0
0
3.55271e-15
0
-1.77636e-15
1.77636e-15
1.77636e-15
-1.77636e-15
0
-1.77636e-15
1.77636e-15
0
0
0
3.55271e-15
3.55271e-15
0
0
0
0
-1.77636e-15
-3.55271e-15
1.77636e-15
3.55271e-15
1.77636e-15
-1.77636e-15
-3.55271e-15
0
1.77636e-15
0
3.55271e-15
0
3.55271e-15
-1.77636e-15
0
0
1.77636e-15
1.77636e-15
3.55271e-15
1.77636e-15
-1.77636e-15
0
-3.55271e-15
0
0
0
0
0
0
0
3.55271e-15
1.77636e-15
0
0
3.55271e-15
0
-3.55271e-15
-1.77636e-15
0
0
-1.77636e-15
0
0
0
0
0
0
1.77636e-15
0
-3.55271e-15
0
0
0
-1.77636e-15
0
-1.77636e-15
-1.77636e-15
0
0
-1.77636e-15
-1.77636e-15
0
0
3.55271e-15
0
3.55271e-15
0
1.77636e-15
0
-1.77636e-15
-1.77636e-15
1.77636e-15
1.77636e-15
0
1.77636e-15
3.55271e-15
0
0
3.55271e-15
0
-1.77636e-15
-1.77636e-15
3.55271e-15
3.55271e-15
0
0
0
0
-3.55271e-15
0
0
0
0
0
0
0
0
-1.77636e-15
0
0
0
0
1.77636e-15
0
0
1.77636e-15
0
0
1.77636e-15
1.77636e-15
0
0
0
0
-1.77636e-15
0
-1.77636e-15
1.77636e-15
1.77636e-15
0
0
-1.77636e-15
3.55271e-15
-1.77636e-15
1.77636e-15
0
0
3.55271e-15
-1.77636e-15
-1.77636e-15
0
0
3.55271e-15
0
0
0
0
-1.77636e-15
0
0
0
0
0
1.77636e-15
1.77636e-15
0
0
-3.55271e-15
1.77636e-15
0
0
-1.77636e-15
3.55271e-15
0
1.77636e-15
0
-1.77636e-15
-1.77636e-15
0
0
3.55271e-15
-1.77636e-15
-1.77636e-15
0
-1.77636e-15
1.77636e-15
3.55271e-15
0
0
0
3.55271e-15
1.77636e-15
0
1.77636e-15
0
0
0
0
0
0
0
3.55271e-15
0
0
1.77636e-15
1.77636e-15
0
0
1.77636e-15
0
1.77636e-15
0
0
1.77636e-15
0
1.77636e-15
0
0
1.77636e-15
0
8.88178e-16
8.88178e-16
-8.88178e-16
-8.88178e-16
0
8.88178e-16
0
8.88178e-16
0
0
0
0
-8.88178e-16
0
0
-8.88178e-16
0
0
0
0
0
0
0
0
1.45262e-12
0.0162489
999.451
999.451
999.451
999.451
999.451
999.451
999.451
999.451
999.451
999.451
999.451
999.451
999.451
999.451
999.451
999.451
999.451
999.451
999.451
999.451
999.451
999.451
999.451
999.451
999.451
999.451
999.451
999.451
999.451
999.451
999.451
999.451
999.451
999.451
999.451
999.451
999.451
999.451
999.451
999.451
999.451
999.451
999.451
999.451
999.451
999.451
999.451
999.451
999.451
999.451
999.451
999.451
999.451
999.451
999.451
999.451
999.451
999.451
999.451
999.451
999.451
999.451
999.451
999.451
999.451
999.451
999.451
999.451
999.451
999.451
999.451
999.451
999.451
999.451
999.451
999.451
999.451
999.451
999.451
999.451
999.451
999.451
999.451
999.451
999.451
999.451
999.451
999.451
999.451
999.451
999.451
999.451
999.451
999.451
999.451
999.451
999.451
999.451
999.451
999.451
999.451
999.451
999.451
999.451
999.451
999.451
999.451
999.451
999.451
999.451
999.451
999.451
999.451
999.451
999.451
999.451
999.451
999.451
999.451
999.451
999.451
999.451
999.451
999.451
999.451
999.451
999.451
999.451
999.451
999.451
999.451
999.451
999.451
999.451
999.451
999.451
999.451
999.451
999.451
999.451
999.451
999.451
999.451
999.451
999.451
999.451
999.451
999.451
999.451
999.451
999.451
999.451
999.451
999.451
999.451
999.451
999.451
999.451
999.451
999.451
999.451
999.451
999.451
999.451
999.451
999.451
999.451
999.451
999.451
999.451
999.451
999.451
999.451
999.451
999.451
999.451
999.451
999.451
999.451
999.451
999.451
999.451
999.451
999.451
999.451
999.451
999.451
999.451
999.451
999.451
999.451
999.451
999.451
999.451
999.451
999.451
999.451
999.451
999.451
999.451
999.451
999.451
999.451
999.451
999.451
999.451
999.451
999.451
999.451
999.451
999.451
999.451
999.451
999.451
999.451
999.451
999.451
999.451
999.451
999.451
999.451
999.451
999.451
999.451
999.451
999.451
999.451
999.451
999.451
999.451
999.451
999.451
999.451
999.451
999.451
999.451
999.451
999.451
999.451
999.451
999.451
999.451
999.451
999.451
999.451
999.451
999.451
999.451
999.451
999.451
999.451
999.451
999.451
999.451
999.451
999.451
999.451
999.451
999.451
999.451
999.451
999.451
999.451
999.451
999.451
999.451
999.451
999.451
999.451
999.451
999.451
999.451
999.451
999.451
999.451
999.451
999.451
999.451
999.451
999.451
999.451
999.451
999.451
999.451
999.451
999.451
999.451
999.451
999.451
999.451
999.451
999.451
999.451
999.451
999.451
999.451
999.451
999.451
999.451
999.451
999.451
999.451
999.451
999.451
999.451
999.451
999.451
999.451
999.451
999.451
999.451
999.451
999.451
999.451
999.451
999.451
999.451
999.451
999.451
999.451
999.451
999.451
999.451
999.451
999.451
999.451
999.451
999.451
999.451
999.451
999.451
999.451
999.451
999.451
999.451
999.451
999.451
999.451
999.451
999.451
999.451
999.451
999.451
999.451
999.451
999.451
999.451
999.451
999.451
999.451
999.451
999.451
999.451
999.451
999.451
999.451
999.451
999.451
999.451
999.451
999.451
999.451
999.451
999.451
999.451
999.451
999.451
999.451
999.451
999.451
999.451
999.451
999.451
999.451
999.451
999.451
999.451
999.451
999.451
999.451
999.451
999.451
999.451
999.451
999.451
999.451
999.451
999.451
999.451
999.451
999.451
999.451
999.451
999.451
999.451
999.451
999.451
999.451
999.451
999.451
)
;

boundaryField
{
    sides
    {
        type            calculated;
        value           nonuniform List<scalar> 2(999.451 0);
    }
    empty1
    {
        type            empty;
    }
    empty2
    {
        type            empty;
    }
}


// ************************************************************************* //
