/*--------------------------------*- C++ -*----------------------------------*\
| =========                 |                                                 |
| \\      /  F ield         | OpenFOAM: The Open Source CFD Toolbox           |
|  \\    /   O peration     | Version:  2312                                  |
|   \\  /    A nd           | Website:  www.openfoam.com                      |
|    \\/     M anipulation  |                                                 |
\*---------------------------------------------------------------------------*/
FoamFile
{
    version     2.0;
    format      ascii;
    arch        "LSB;label=32;scalar=64";
    class       volScalarField;
    location    "5e-05";
    object      T;
}
// * * * * * * * * * * * * * * * * * * * * * * * * * * * * * * * * * * * * * //

dimensions      [0 0 0 1 0 0 0];

internalField   nonuniform List<scalar> 
800
(
293.15
293.15
293.15
293.15
293.15
293.15
293.15
293.15
293.15
293.15
293.15
293.15
293.15
293.15
293.15
293.15
293.15
293.15
293.15
293.15
293.15
293.15
293.15
293.15
293.15
293.15
293.15
293.15
293.15
293.15
293.15
293.15
293.15
293.15
293.15
293.15
293.15
293.15
293.15
293.15
293.15
293.15
293.15
293.15
293.15
293.15
293.15
293.15
293.15
293.15
293.15
293.15
293.15
293.15
293.15
293.15
293.15
293.15
293.15
293.15
293.15
293.15
293.15
293.15
293.15
293.15
293.15
293.15
293.15
293.15
293.15
293.15
293.15
293.15
293.15
293.15
293.15
293.15
293.15
293.15
293.15
293.15
293.15
293.15
293.15
293.15
293.15
293.15
293.15
293.15
293.15
293.15
293.15
293.15
293.15
293.15
293.15
293.15
293.15
293.15
293.15
293.15
293.15
293.15
293.15
293.15
293.15
293.15
293.15
293.15
293.15
293.15
293.15
293.15
293.15
293.15
293.15
293.15
293.15
293.15
293.15
293.15
293.15
293.15
293.15
293.15
293.15
293.15
293.15
293.15
293.15
293.15
293.15
293.15
293.15
293.15
293.15
293.15
293.15
293.15
293.15
293.15
293.15
293.15
293.15
293.15
293.15
293.15
293.15
293.15
293.15
293.15
293.15
293.15
293.15
293.15
293.15
293.15
293.15
293.15
293.15
293.15
293.15
293.15
293.15
293.15
293.15
293.15
293.15
293.15
293.15
293.15
293.15
293.15
293.15
293.15
293.15
293.15
293.15
293.15
293.15
293.15
293.15
293.15
293.15
293.15
293.15
293.15
293.15
293.15
293.15
293.15
293.15
293.15
293.15
293.15
293.15
293.15
293.15
293.15
293.15
293.15
293.15
293.15
293.15
293.15
293.15
293.15
293.15
293.15
293.15
293.15
293.15
293.15
293.15
293.15
293.15
293.15
293.15
293.15
293.15
293.15
293.15
293.15
293.15
293.15
293.15
293.15
293.15
293.15
293.15
293.15
293.15
293.15
293.15
293.15
293.15
293.15
293.15
293.15
293.15
293.15
293.15
293.15
293.15
293.15
293.15
293.15
293.15
293.15
293.15
293.15
293.15
293.15
293.15
293.15
293.15
293.15
293.15
293.15
293.15
293.15
293.15
293.15
293.15
293.15
293.15
293.15
293.15
293.15
293.15
293.15
293.15
293.15
293.15
293.15
293.15
293.15
293.15
293.15
293.15
293.15
293.15
293.15
293.15
293.15
293.15
293.15
293.15
293.15
293.15
293.15
293.15
293.15
293.15
293.15
293.15
293.15
293.15
293.15
293.15
293.15
293.15
293.15
293.15
293.15
293.15
293.15
293.15
293.15
293.15
293.15
293.15
293.15
293.15
293.15
293.15
293.15
293.15
293.15
293.15
293.15
293.15
293.15
293.15
293.15
293.15
293.15
293.15
293.15
293.15
293.15
293.15
293.15
293.15
293.15
293.15
293.15
293.15
293.15
293.15
293.15
293.15
293.15
293.15
293.15
293.15
293.15
293.15
293.15
293.15
293.15
293.149
293.148
293.146
293.14
293.125
293.092
293.021
292.877
292.601
292.106
291.275
289.972
288.066
285.461
282.116
278.062
273.388
268.263
262.857
257.27
251.621
245.874
240.252
234.545
229.054
223.665
218.941
215.199
212.806
211.478
211.784
213.539
214.325
220.057
222.783
233.121
239.863
252.121
264.103
277.762
292.886
310.137
329.422
349.641
364.134
387.723
330.645
263.429
291.284
292.262
292.712
292.944
293.153
293.192
293.212
293.213
293.204
293.187
293.176
293.167
293.162
293.155
293.152
293.151
293.149
293.149
293.148
293.148
293.148
293.148
293.148
293.148
293.147
293.147
293.147
293.147
293.147
293.147
293.147
293.147
293.147
293.147
293.147
293.146
293.146
293.146
293.146
293.146
293.146
293.146
293.146
293.145
293.145
293.145
293.145
293.145
293.145
293.145
293.145
293.145
293.145
293.145
293.145
293.145
293.146
293.146
293.147
293.147
293.148
293.149
293.149
293.15
293.15
293.15
293.15
293.15
293.15
293.15
293.15
293.15
293.15
293.15
293.15
293.15
293.15
293.15
293.15
293.15
293.15
293.15
293.15
293.15
293.15
293.15
293.15
293.15
293.15
293.15
293.15
293.15
293.15
293.15
293.15
293.15
293.15
293.15
293.15
293.15
293.15
293.15
293.15
293.15
293.15
293.15
293.15
293.15
293.15
293.15
293.15
293.15
293.15
293.15
293.15
293.15
293.15
293.15
293.15
293.15
293.15
293.15
293.15
293.15
293.15
293.15
293.15
293.15
293.15
293.15
293.15
293.15
293.15
293.15
293.15
293.15
293.15
293.15
293.15
293.15
293.15
293.15
293.15
293.15
293.15
293.15
293.15
293.15
293.15
293.15
293.15
293.15
293.15
293.15
293.15
293.15
293.15
293.15
293.15
293.15
293.15
293.15
293.15
293.15
293.15
293.15
293.15
293.15
293.15
293.15
293.15
293.15
293.15
293.15
293.15
293.15
293.15
293.15
293.15
293.15
293.15
293.15
293.15
293.15
293.15
293.15
293.15
293.15
293.15
293.15
293.15
293.15
293.15
293.15
293.15
293.15
293.15
293.15
293.15
293.15
293.15
293.15
293.15
293.15
293.15
293.15
293.15
293.15
293.15
293.15
293.15
293.15
293.15
293.15
293.15
293.15
293.15
293.15
293.15
293.15
293.15
293.15
293.15
293.15
293.15
293.15
293.15
293.15
293.15
293.15
293.15
293.15
293.15
293.15
293.15
293.15
293.15
293.15
293.15
293.15
293.15
293.15
293.15
293.15
293.15
293.15
293.15
293.15
293.15
293.15
293.15
293.15
293.15
293.15
293.15
293.15
293.15
293.15
293.15
293.15
293.15
293.15
293.15
293.15
293.15
293.15
293.15
293.15
293.15
293.15
293.15
293.15
293.15
293.15
293.15
293.15
293.15
293.15
293.15
293.15
293.15
293.15
293.15
293.15
293.15
293.15
293.15
293.15
293.15
293.15
293.15
293.15
293.15
293.15
293.15
293.15
293.15
293.15
293.15
293.15
293.15
293.15
293.15
293.15
293.15
293.15
293.15
293.15
293.15
293.15
293.15
293.15
293.15
293.15
293.15
293.15
293.15
293.15
293.15
293.15
293.15
293.15
293.15
293.15
293.15
293.15
293.15
293.15
293.15
293.15
293.15
293.15
293.15
293.15
293.15
293.15
293.15
293.15
293.15
293.15
293.15
293.15
293.15
293.15
293.15
293.15
293.15
293.15
293.15
293.15
293.15
293.15
293.15
293.15
293.15
293.15
293.15
293.15
293.15
293.15
293.15
293.15
293.15
293.15
293.15
293.15
293.15
293.15
293.15
293.15
293.15
293.15
293.15
293.15
293.15
293.15
293.15
293.15
293.15
293.15
293.15
293.15
293.15
293.15
293.15
293.15
293.15
293.15
293.15
293.15
293.15
293.15
293.15
293.15
293.15
293.15
293.15
293.15
293.15
293.15
)
;

boundaryField
{
    sides
    {
        type            zeroGradient;
    }
    empty1
    {
        type            empty;
    }
    empty2
    {
        type            empty;
    }
}


// ************************************************************************* //
