/*--------------------------------*- C++ -*----------------------------------*\
| =========                 |                                                 |
| \\      /  F ield         | OpenFOAM: The Open Source CFD Toolbox           |
|  \\    /   O peration     | Version:  2312                                  |
|   \\  /    A nd           | Website:  www.openfoam.com                      |
|    \\/     M anipulation  |                                                 |
\*---------------------------------------------------------------------------*/
FoamFile
{
    version     2.0;
    format      ascii;
    arch        "LSB;label=32;scalar=64";
    class       volScalarField;
    location    "5e-05";
    object      thermo:psiGasEff;
}
// * * * * * * * * * * * * * * * * * * * * * * * * * * * * * * * * * * * * * //

dimensions      [-2 4 2 0 0 0 0];

internalField   nonuniform List<scalar> 
800
(
8.4134e-08
8.4134e-08
8.4134e-08
8.4134e-08
8.41341e-08
8.4134e-08
8.41341e-08
8.4134e-08
8.41341e-08
8.4134e-08
8.41341e-08
8.4134e-08
8.41341e-08
8.4134e-08
8.41341e-08
8.4134e-08
8.4134e-08
8.4134e-08
8.41341e-08
8.4134e-08
8.41341e-08
8.4134e-08
8.4134e-08
8.41341e-08
8.4134e-08
8.4134e-08
8.4134e-08
8.4134e-08
8.41341e-08
8.4134e-08
8.41341e-08
8.41341e-08
8.41341e-08
8.4134e-08
8.4134e-08
8.41341e-08
8.41341e-08
8.4134e-08
8.4134e-08
8.4134e-08
8.4134e-08
8.4134e-08
8.4134e-08
8.4134e-08
8.4134e-08
8.4134e-08
8.4134e-08
8.4134e-08
8.4134e-08
8.4134e-08
8.41341e-08
8.4134e-08
8.41341e-08
8.41341e-08
8.4134e-08
8.41341e-08
8.41341e-08
8.4134e-08
8.41341e-08
8.4134e-08
8.41341e-08
8.4134e-08
8.41341e-08
8.4134e-08
8.41341e-08
8.4134e-08
8.41341e-08
8.4134e-08
8.41341e-08
8.41341e-08
8.41341e-08
8.41341e-08
8.4134e-08
8.41341e-08
8.4134e-08
8.41341e-08
8.4134e-08
8.41341e-08
8.4134e-08
8.4134e-08
8.4134e-08
8.4134e-08
8.4134e-08
8.4134e-08
8.4134e-08
8.4134e-08
8.4134e-08
8.4134e-08
8.4134e-08
8.4134e-08
8.4134e-08
8.41341e-08
8.4134e-08
8.4134e-08
8.41341e-08
8.4134e-08
8.41341e-08
8.4134e-08
8.41341e-08
8.4134e-08
8.41341e-08
8.4134e-08
8.41341e-08
8.4134e-08
8.41341e-08
8.4134e-08
8.4134e-08
8.41341e-08
8.41341e-08
8.4134e-08
8.41341e-08
8.4134e-08
8.41341e-08
8.4134e-08
8.41341e-08
8.4134e-08
8.4134e-08
8.4134e-08
8.4134e-08
8.4134e-08
8.4134e-08
8.4134e-08
8.4134e-08
8.41341e-08
8.4134e-08
8.4134e-08
8.41341e-08
8.4134e-08
8.41341e-08
8.4134e-08
8.41341e-08
8.4134e-08
8.41341e-08
8.4134e-08
8.4134e-08
8.4134e-08
8.4134e-08
8.4134e-08
8.4134e-08
8.4134e-08
8.4134e-08
8.4134e-08
8.4134e-08
8.4134e-08
8.4134e-08
8.4134e-08
8.4134e-08
8.4134e-08
8.4134e-08
8.4134e-08
8.4134e-08
8.4134e-08
8.4134e-08
8.4134e-08
8.4134e-08
8.4134e-08
8.4134e-08
8.41341e-08
8.4134e-08
8.41341e-08
8.4134e-08
8.41341e-08
8.4134e-08
8.41341e-08
8.4134e-08
8.41341e-08
8.4134e-08
8.4134e-08
8.4134e-08
8.4134e-08
8.41341e-08
8.4134e-08
8.41341e-08
8.4134e-08
8.41341e-08
8.4134e-08
8.41341e-08
8.4134e-08
8.4134e-08
8.4134e-08
8.4134e-08
8.4134e-08
8.4134e-08
8.4134e-08
8.4134e-08
8.4134e-08
8.4134e-08
8.4134e-08
8.4134e-08
8.41341e-08
8.41341e-08
8.4134e-08
8.41341e-08
8.4134e-08
8.41341e-08
8.4134e-08
8.41341e-08
8.4134e-08
8.41341e-08
8.4134e-08
8.41341e-08
8.4134e-08
8.41341e-08
8.4134e-08
8.41341e-08
8.4134e-08
8.41341e-08
8.4134e-08
8.41341e-08
8.4134e-08
8.41341e-08
8.4134e-08
8.41341e-08
8.4134e-08
8.41341e-08
8.4134e-08
8.41341e-08
8.4134e-08
8.41341e-08
8.4134e-08
8.41341e-08
8.4134e-08
8.41341e-08
8.4134e-08
8.41341e-08
8.4134e-08
8.41341e-08
8.4134e-08
8.4134e-08
8.41341e-08
8.4134e-08
8.41341e-08
8.4134e-08
8.41341e-08
8.4134e-08
8.41341e-08
8.4134e-08
8.41341e-08
8.4134e-08
8.41341e-08
8.4134e-08
8.41341e-08
8.4134e-08
8.41341e-08
8.4134e-08
8.41341e-08
8.4134e-08
8.41341e-08
8.4134e-08
8.41341e-08
8.4134e-08
8.41341e-08
8.41341e-08
8.4134e-08
8.41341e-08
8.4134e-08
8.41341e-08
8.41341e-08
8.41341e-08
8.4134e-08
8.4134e-08
8.4134e-08
8.41341e-08
8.4134e-08
8.41341e-08
8.41341e-08
8.4134e-08
8.41341e-08
8.41341e-08
8.4134e-08
8.41341e-08
8.41341e-08
8.4134e-08
8.4134e-08
8.41341e-08
8.4134e-08
8.41341e-08
8.4134e-08
8.4134e-08
8.41341e-08
8.4134e-08
8.41341e-08
8.4134e-08
8.41341e-08
8.4134e-08
8.41341e-08
8.41341e-08
8.41341e-08
8.41341e-08
8.41341e-08
8.41341e-08
8.4134e-08
8.41341e-08
8.4134e-08
8.41341e-08
8.41341e-08
8.4134e-08
8.41341e-08
8.4134e-08
8.41341e-08
8.41341e-08
8.41341e-08
8.41341e-08
8.41341e-08
8.41341e-08
8.41341e-08
8.41341e-08
8.41341e-08
8.41341e-08
8.41341e-08
8.41341e-08
8.41341e-08
8.41341e-08
8.4134e-08
8.41341e-08
8.4134e-08
8.41341e-08
8.4134e-08
8.41341e-08
8.4134e-08
8.41341e-08
8.4134e-08
8.41341e-08
8.4134e-08
8.41341e-08
8.4134e-08
8.41341e-08
8.4134e-08
8.41341e-08
8.41341e-08
8.4134e-08
8.41341e-08
8.41341e-08
8.41341e-08
8.41341e-08
8.41341e-08
8.41341e-08
8.41341e-08
8.41341e-08
8.41341e-08
8.41341e-08
8.41341e-08
8.41341e-08
8.41341e-08
8.41341e-08
8.41341e-08
8.41341e-08
8.41341e-08
8.41341e-08
8.41341e-08
8.41341e-08
8.41342e-08
8.41345e-08
8.41354e-08
8.41378e-08
8.41437e-08
8.41583e-08
8.41924e-08
8.42681e-08
8.44278e-08
8.47468e-08
8.53487e-08
8.6419e-08
8.82129e-08
9.10512e-08
9.53052e-08
1.01375e-07
1.09672e-07
1.20618e-07
1.34554e-07
1.51742e-07
1.72268e-07
1.97407e-07
2.26647e-07
2.62193e-07
3.0303e-07
3.53222e-07
4.10843e-07
4.76263e-07
5.43693e-07
6.08557e-07
6.55409e-07
6.99273e-07
7.02726e-07
7.55339e-07
7.31297e-07
8.23964e-07
8.10594e-07
9.26396e-07
1.00862e-06
1.14736e-06
1.31419e-06
1.51385e-06
1.64421e-06
1.70129e-06
1.70105e-06
1.66675e-06
1.25022e-06
1.18497e-06
3.03704e-06
2.0963e-07
3.05228e-07
3.42981e-07
3.95385e-07
4.54818e-07
5.23232e-07
6.33696e-07
7.8448e-07
1.04885e-06
1.52077e-06
2.40386e-06
3.68428e-06
5.23581e-06
6.78225e-06
8.06337e-06
8.9773e-06
9.56561e-06
9.92472e-06
1.01439e-05
1.02862e-05
1.03902e-05
1.04778e-05
1.05602e-05
1.06424e-05
1.07253e-05
1.08129e-05
1.09048e-05
1.10041e-05
1.11099e-05
1.12186e-05
1.13242e-05
1.14292e-05
1.15356e-05
1.16441e-05
1.17537e-05
1.18702e-05
1.19942e-05
1.21283e-05
1.22756e-05
1.2441e-05
1.26223e-05
1.282e-05
1.30321e-05
1.32552e-05
1.34879e-05
1.37414e-05
1.40034e-05
1.42025e-05
1.43159e-05
1.43547e-05
1.43556e-05
1.43242e-05
1.42421e-05
1.40634e-05
1.37669e-05
1.33191e-05
1.27157e-05
1.19673e-05
1.1113e-05
1.02256e-05
9.54941e-06
9.11534e-06
8.83938e-06
8.66669e-06
8.56074e-06
8.49718e-06
8.45994e-06
8.43866e-06
8.4268e-06
8.42034e-06
8.41691e-06
8.41513e-06
8.41423e-06
8.41378e-06
8.41357e-06
8.41346e-06
8.41341e-06
8.41339e-06
8.41338e-06
8.41337e-06
8.41337e-06
8.41337e-06
8.41337e-06
8.41337e-06
8.41337e-06
8.41337e-06
8.41337e-06
8.41337e-06
8.41337e-06
8.41337e-06
8.41337e-06
8.41337e-06
8.41337e-06
8.41337e-06
8.41337e-06
8.41337e-06
8.41337e-06
8.41337e-06
8.41337e-06
8.41337e-06
8.41337e-06
8.41337e-06
8.41337e-06
8.41337e-06
8.41338e-06
8.41337e-06
8.41338e-06
8.41338e-06
8.41338e-06
8.41338e-06
8.41338e-06
8.41338e-06
8.41338e-06
8.41338e-06
8.41338e-06
8.41338e-06
8.41338e-06
8.41338e-06
8.41338e-06
8.41338e-06
8.41338e-06
8.41338e-06
8.41338e-06
8.41338e-06
8.41338e-06
8.41338e-06
8.41338e-06
8.41338e-06
8.41338e-06
8.41338e-06
8.41338e-06
8.41338e-06
8.41338e-06
8.41338e-06
8.41338e-06
8.41338e-06
8.41338e-06
8.41338e-06
8.41338e-06
8.41338e-06
8.41338e-06
8.41338e-06
8.41338e-06
8.41338e-06
8.41338e-06
8.41338e-06
8.41338e-06
8.41338e-06
8.41338e-06
8.41338e-06
8.41338e-06
8.41338e-06
8.41338e-06
8.41338e-06
8.41338e-06
8.41338e-06
8.41338e-06
8.41338e-06
8.41338e-06
8.41338e-06
8.41338e-06
8.41338e-06
8.41338e-06
8.41338e-06
8.41338e-06
8.41338e-06
8.41338e-06
8.41338e-06
8.41338e-06
8.41338e-06
8.41338e-06
8.41338e-06
8.41338e-06
8.41338e-06
8.41338e-06
8.41338e-06
8.41338e-06
8.41338e-06
8.41338e-06
8.41338e-06
8.41338e-06
8.41338e-06
8.41338e-06
8.41338e-06
8.41338e-06
8.41338e-06
8.41338e-06
8.41338e-06
8.41338e-06
8.41338e-06
8.41338e-06
8.41338e-06
8.41338e-06
8.41338e-06
8.41338e-06
8.41338e-06
8.41338e-06
8.41338e-06
8.41338e-06
8.41338e-06
8.41338e-06
8.41338e-06
8.41338e-06
8.41338e-06
8.41338e-06
8.41338e-06
8.41338e-06
8.41338e-06
8.41338e-06
8.41338e-06
8.41338e-06
8.41338e-06
8.41338e-06
8.41338e-06
8.41338e-06
8.41338e-06
8.41338e-06
8.41338e-06
8.41338e-06
8.41338e-06
8.41338e-06
8.41338e-06
8.41338e-06
8.41338e-06
8.41338e-06
8.41338e-06
8.41338e-06
8.41338e-06
8.41338e-06
8.41338e-06
8.41338e-06
8.41338e-06
8.41338e-06
8.41338e-06
8.41338e-06
8.41338e-06
8.41338e-06
8.41338e-06
8.41338e-06
8.41338e-06
8.41338e-06
8.41338e-06
8.41338e-06
8.41338e-06
8.41338e-06
8.41338e-06
8.41338e-06
8.41338e-06
8.41338e-06
8.41338e-06
8.41338e-06
8.41338e-06
8.41338e-06
8.41338e-06
8.41338e-06
8.41338e-06
8.41338e-06
8.41338e-06
8.41338e-06
8.41338e-06
8.41338e-06
8.41338e-06
8.41338e-06
8.41338e-06
8.41338e-06
8.41338e-06
8.41338e-06
8.41338e-06
8.41338e-06
8.41338e-06
8.41338e-06
8.41338e-06
8.41339e-06
8.41339e-06
8.41339e-06
8.41339e-06
8.41339e-06
8.41339e-06
8.41339e-06
8.41339e-06
8.41339e-06
8.41339e-06
8.41339e-06
8.41339e-06
8.41339e-06
8.41339e-06
8.41339e-06
8.41339e-06
8.41339e-06
8.41339e-06
8.41339e-06
8.41339e-06
8.41339e-06
8.41339e-06
8.41339e-06
8.41339e-06
8.41339e-06
8.41339e-06
8.41339e-06
8.41339e-06
8.41339e-06
8.41339e-06
8.41339e-06
8.41339e-06
8.41339e-06
8.41339e-06
8.41339e-06
8.41339e-06
8.41339e-06
8.41339e-06
8.41339e-06
8.41339e-06
8.41339e-06
8.41339e-06
8.41339e-06
8.41338e-06
8.41339e-06
8.41339e-06
8.41339e-06
8.41339e-06
8.41339e-06
8.41339e-06
8.41339e-06
8.41339e-06
8.41339e-06
8.41339e-06
8.41339e-06
8.41339e-06
8.41338e-06
8.41338e-06
8.41338e-06
8.41338e-06
8.41338e-06
8.41338e-06
8.41339e-06
8.41339e-06
8.41339e-06
8.41339e-06
8.41339e-06
8.41339e-06
8.41339e-06
8.41339e-06
8.41339e-06
8.41339e-06
8.41339e-06
8.41339e-06
8.41339e-06
8.41339e-06
8.41339e-06
8.41339e-06
8.41339e-06
8.41339e-06
8.41339e-06
8.41339e-06
8.41339e-06
8.41339e-06
8.41339e-06
8.41339e-06
8.41339e-06
8.41339e-06
8.41339e-06
8.41339e-06
8.41339e-06
8.41339e-06
8.41339e-06
8.41339e-06
8.41339e-06
8.41339e-06
8.41339e-06
8.41339e-06
8.41339e-06
8.41338e-06
8.41338e-06
8.41338e-06
8.41338e-06
8.41338e-06
8.41338e-06
8.41338e-06
8.41338e-06
8.41338e-06
8.41338e-06
8.41338e-06
8.41338e-06
8.41338e-06
8.41338e-06
8.41338e-06
8.41338e-06
8.41338e-06
8.41338e-06
8.41338e-06
8.41338e-06
8.41338e-06
8.41338e-06
8.41338e-06
8.41338e-06
8.41338e-06
8.41338e-06
8.41338e-06
8.41338e-06
8.41338e-06
)
;

boundaryField
{
    sides
    {
        type            calculated;
        value           nonuniform List<scalar> 2(8.41338e-06 8.4134e-08);
    }
    empty1
    {
        type            empty;
    }
    empty2
    {
        type            empty;
    }
}


// ************************************************************************* //
