/*--------------------------------*- C++ -*----------------------------------*\
| =========                 |                                                 |
| \\      /  F ield         | OpenFOAM: The Open Source CFD Toolbox           |
|  \\    /   O peration     | Version:  2312                                  |
|   \\  /    A nd           | Website:  www.openfoam.com                      |
|    \\/     M anipulation  |                                                 |
\*---------------------------------------------------------------------------*/
FoamFile
{
    version     2.0;
    format      ascii;
    arch        "LSB;label=32;scalar=64";
    class       volScalarField;
    location    "5e-05";
    object      thermo:psiLiqEff;
}
// * * * * * * * * * * * * * * * * * * * * * * * * * * * * * * * * * * * * * //

dimensions      [-2 4 2 0 0 0 0];

internalField   nonuniform List<scalar> 
800
(
4.87377e-13
4.87377e-13
4.87377e-13
4.87377e-13
4.87377e-13
4.87377e-13
4.87377e-13
4.87377e-13
4.87377e-13
4.87377e-13
4.87377e-13
4.87377e-13
4.87377e-13
4.87377e-13
4.87377e-13
4.87377e-13
4.87377e-13
4.87377e-13
4.87377e-13
4.87377e-13
4.87377e-13
4.87377e-13
4.87377e-13
4.87377e-13
4.87377e-13
4.87377e-13
4.87377e-13
4.87377e-13
4.87377e-13
4.87377e-13
4.87377e-13
4.87377e-13
4.87377e-13
4.87377e-13
4.87377e-13
4.87377e-13
4.87377e-13
4.87377e-13
4.87377e-13
4.87377e-13
4.87377e-13
4.87377e-13
4.87377e-13
4.87377e-13
4.87377e-13
4.87377e-13
4.87377e-13
4.87377e-13
4.87377e-13
4.87377e-13
4.87377e-13
4.87377e-13
4.87377e-13
4.87377e-13
4.87377e-13
4.87377e-13
4.87377e-13
4.87377e-13
4.87377e-13
4.87377e-13
4.87377e-13
4.87377e-13
4.87377e-13
4.87377e-13
4.87377e-13
4.87377e-13
4.87377e-13
4.87377e-13
4.87377e-13
4.87377e-13
4.87377e-13
4.87377e-13
4.87377e-13
4.87377e-13
4.87377e-13
4.87377e-13
4.87377e-13
4.87377e-13
4.87377e-13
4.87377e-13
4.87377e-13
4.87377e-13
4.87377e-13
4.87377e-13
4.87377e-13
4.87377e-13
4.87377e-13
4.87377e-13
4.87377e-13
4.87377e-13
4.87377e-13
4.87377e-13
4.87377e-13
4.87377e-13
4.87377e-13
4.87377e-13
4.87377e-13
4.87377e-13
4.87377e-13
4.87377e-13
4.87377e-13
4.87377e-13
4.87377e-13
4.87377e-13
4.87377e-13
4.87377e-13
4.87377e-13
4.87377e-13
4.87377e-13
4.87377e-13
4.87377e-13
4.87377e-13
4.87377e-13
4.87377e-13
4.87377e-13
4.87377e-13
4.87377e-13
4.87377e-13
4.87377e-13
4.87377e-13
4.87377e-13
4.87377e-13
4.87377e-13
4.87377e-13
4.87377e-13
4.87377e-13
4.87377e-13
4.87377e-13
4.87377e-13
4.87377e-13
4.87377e-13
4.87377e-13
4.87377e-13
4.87377e-13
4.87377e-13
4.87377e-13
4.87377e-13
4.87377e-13
4.87377e-13
4.87377e-13
4.87377e-13
4.87377e-13
4.87377e-13
4.87377e-13
4.87377e-13
4.87377e-13
4.87377e-13
4.87377e-13
4.87377e-13
4.87377e-13
4.87377e-13
4.87377e-13
4.87377e-13
4.87377e-13
4.87377e-13
4.87377e-13
4.87377e-13
4.87377e-13
4.87377e-13
4.87377e-13
4.87377e-13
4.87377e-13
4.87377e-13
4.87377e-13
4.87377e-13
4.87377e-13
4.87377e-13
4.87377e-13
4.87377e-13
4.87377e-13
4.87377e-13
4.87377e-13
4.87377e-13
4.87377e-13
4.87377e-13
4.87377e-13
4.87377e-13
4.87377e-13
4.87377e-13
4.87377e-13
4.87377e-13
4.87377e-13
4.87377e-13
4.87377e-13
4.87377e-13
4.87377e-13
4.87377e-13
4.87377e-13
4.87377e-13
4.87377e-13
4.87377e-13
4.87377e-13
4.87377e-13
4.87377e-13
4.87377e-13
4.87377e-13
4.87377e-13
4.87377e-13
4.87377e-13
4.87377e-13
4.87377e-13
4.87377e-13
4.87377e-13
4.87377e-13
4.87377e-13
4.87377e-13
4.87377e-13
4.87377e-13
4.87377e-13
4.87377e-13
4.87377e-13
4.87377e-13
4.87377e-13
4.87377e-13
4.87377e-13
4.87377e-13
4.87377e-13
4.87377e-13
4.87377e-13
4.87377e-13
4.87377e-13
4.87377e-13
4.87377e-13
4.87377e-13
4.87377e-13
4.87377e-13
4.87377e-13
4.87377e-13
4.87377e-13
4.87377e-13
4.87377e-13
4.87377e-13
4.87377e-13
4.87377e-13
4.87377e-13
4.87377e-13
4.87377e-13
4.87377e-13
4.87377e-13
4.87377e-13
4.87377e-13
4.87377e-13
4.87377e-13
4.87377e-13
4.87377e-13
4.87377e-13
4.87377e-13
4.87377e-13
4.87377e-13
4.87377e-13
4.87377e-13
4.87377e-13
4.87377e-13
4.87377e-13
4.87377e-13
4.87377e-13
4.87377e-13
4.87377e-13
4.87377e-13
4.87377e-13
4.87377e-13
4.87377e-13
4.87377e-13
4.87377e-13
4.87377e-13
4.87377e-13
4.87377e-13
4.87377e-13
4.87377e-13
4.87377e-13
4.87377e-13
4.87377e-13
4.87377e-13
4.87377e-13
4.87377e-13
4.87377e-13
4.87377e-13
4.87377e-13
4.87377e-13
4.87377e-13
4.87377e-13
4.87377e-13
4.87377e-13
4.87377e-13
4.87377e-13
4.87377e-13
4.87377e-13
4.87377e-13
4.87377e-13
4.87377e-13
4.87377e-13
4.87377e-13
4.87377e-13
4.87377e-13
4.87377e-13
4.87377e-13
4.87377e-13
4.87377e-13
4.87377e-13
4.87377e-13
4.87377e-13
4.87377e-13
4.87377e-13
4.87377e-13
4.87377e-13
4.87377e-13
4.87377e-13
4.87377e-13
4.87377e-13
4.87377e-13
4.87377e-13
4.87377e-13
4.87377e-13
4.87377e-13
4.87377e-13
4.87377e-13
4.87377e-13
4.87377e-13
4.87377e-13
4.87377e-13
4.87377e-13
4.87377e-13
4.87377e-13
4.87377e-13
4.87377e-13
4.87377e-13
4.87377e-13
4.87377e-13
4.87377e-13
4.87377e-13
4.87377e-13
4.87377e-13
4.87377e-13
4.87377e-13
4.87377e-13
4.87377e-13
4.87377e-13
4.87377e-13
4.87377e-13
4.87377e-13
4.87377e-13
4.87377e-13
4.87377e-13
4.87377e-13
4.87377e-13
4.87377e-13
4.87377e-13
4.87377e-13
4.87377e-13
4.87377e-13
4.87378e-13
4.87378e-13
4.87378e-13
4.8738e-13
4.87384e-13
4.87394e-13
4.87419e-13
4.87474e-13
4.87592e-13
4.87833e-13
4.88293e-13
4.89122e-13
4.90521e-13
4.92728e-13
4.95994e-13
5.0053e-13
5.06476e-13
5.13877e-13
5.22681e-13
5.32687e-13
5.43666e-13
5.55494e-13
5.67989e-13
5.81289e-13
5.94918e-13
6.09416e-13
6.24048e-13
6.39109e-13
6.52921e-13
6.64291e-13
6.71779e-13
6.76008e-13
6.75038e-13
6.69492e-13
6.67047e-13
6.49669e-13
6.41733e-13
6.13274e-13
5.96052e-13
5.67081e-13
5.41365e-13
5.14751e-13
4.8818e-13
4.6103e-13
4.34042e-13
4.08944e-13
3.92666e-13
3.68766e-13
4.3242e-13
5.42806e-13
4.90674e-13
4.89084e-13
4.88346e-13
4.87976e-13
4.87643e-13
4.87592e-13
4.87576e-13
4.87592e-13
4.87629e-13
4.8768e-13
4.87721e-13
4.87753e-13
4.87773e-13
4.87792e-13
4.87801e-13
4.87806e-13
4.8781e-13
4.87811e-13
4.87812e-13
4.87813e-13
4.87814e-13
4.87814e-13
4.87814e-13
4.87815e-13
4.87815e-13
4.87815e-13
4.87816e-13
4.87816e-13
4.87816e-13
4.87817e-13
4.87817e-13
4.87817e-13
4.87818e-13
4.87818e-13
4.87818e-13
4.87819e-13
4.87819e-13
4.87819e-13
4.8782e-13
4.8782e-13
4.87821e-13
4.87821e-13
4.87822e-13
4.87823e-13
4.87823e-13
4.87824e-13
4.87824e-13
4.87825e-13
4.87825e-13
4.87825e-13
4.87825e-13
4.87825e-13
4.87825e-13
4.87825e-13
4.87824e-13
4.87823e-13
4.87821e-13
4.87819e-13
4.87817e-13
4.87814e-13
4.87811e-13
4.87809e-13
4.87808e-13
4.87807e-13
4.87806e-13
4.87806e-13
4.87806e-13
4.87805e-13
4.87805e-13
4.87805e-13
4.87805e-13
4.87805e-13
4.87805e-13
4.87805e-13
4.87805e-13
4.87805e-13
4.87805e-13
4.87805e-13
4.87805e-13
4.87805e-13
4.87805e-13
4.87805e-13
4.87805e-13
4.87805e-13
4.87805e-13
4.87805e-13
4.87805e-13
4.87805e-13
4.87805e-13
4.87805e-13
4.87805e-13
4.87805e-13
4.87805e-13
4.87805e-13
4.87805e-13
4.87805e-13
4.87805e-13
4.87805e-13
4.87805e-13
4.87805e-13
4.87805e-13
4.87805e-13
4.87805e-13
4.87805e-13
4.87805e-13
4.87805e-13
4.87805e-13
4.87805e-13
4.87805e-13
4.87805e-13
4.87805e-13
4.87805e-13
4.87805e-13
4.87805e-13
4.87805e-13
4.87805e-13
4.87805e-13
4.87805e-13
4.87805e-13
4.87805e-13
4.87805e-13
4.87805e-13
4.87805e-13
4.87805e-13
4.87805e-13
4.87805e-13
4.87805e-13
4.87805e-13
4.87805e-13
4.87805e-13
4.87805e-13
4.87805e-13
4.87805e-13
4.87805e-13
4.87805e-13
4.87805e-13
4.87805e-13
4.87805e-13
4.87805e-13
4.87805e-13
4.87805e-13
4.87805e-13
4.87805e-13
4.87805e-13
4.87805e-13
4.87805e-13
4.87805e-13
4.87805e-13
4.87805e-13
4.87805e-13
4.87805e-13
4.87805e-13
4.87805e-13
4.87805e-13
4.87805e-13
4.87805e-13
4.87805e-13
4.87805e-13
4.87805e-13
4.87805e-13
4.87805e-13
4.87805e-13
4.87805e-13
4.87805e-13
4.87805e-13
4.87805e-13
4.87805e-13
4.87805e-13
4.87805e-13
4.87805e-13
4.87805e-13
4.87805e-13
4.87805e-13
4.87805e-13
4.87805e-13
4.87805e-13
4.87805e-13
4.87805e-13
4.87805e-13
4.87805e-13
4.87805e-13
4.87805e-13
4.87805e-13
4.87805e-13
4.87805e-13
4.87805e-13
4.87805e-13
4.87805e-13
4.87805e-13
4.87805e-13
4.87805e-13
4.87805e-13
4.87805e-13
4.87805e-13
4.87805e-13
4.87805e-13
4.87805e-13
4.87805e-13
4.87805e-13
4.87805e-13
4.87805e-13
4.87805e-13
4.87805e-13
4.87805e-13
4.87805e-13
4.87805e-13
4.87805e-13
4.87805e-13
4.87805e-13
4.87805e-13
4.87805e-13
4.87805e-13
4.87805e-13
4.87805e-13
4.87805e-13
4.87805e-13
4.87805e-13
4.87805e-13
4.87805e-13
4.87805e-13
4.87805e-13
4.87805e-13
4.87805e-13
4.87805e-13
4.87805e-13
4.87805e-13
4.87805e-13
4.87805e-13
4.87805e-13
4.87805e-13
4.87805e-13
4.87805e-13
4.87805e-13
4.87805e-13
4.87805e-13
4.87805e-13
4.87805e-13
4.87805e-13
4.87805e-13
4.87805e-13
4.87805e-13
4.87805e-13
4.87805e-13
4.87805e-13
4.87805e-13
4.87805e-13
4.87805e-13
4.87805e-13
4.87805e-13
4.87805e-13
4.87805e-13
4.87805e-13
4.87805e-13
4.87805e-13
4.87805e-13
4.87805e-13
4.87805e-13
4.87805e-13
4.87805e-13
4.87805e-13
4.87805e-13
4.87805e-13
4.87805e-13
4.87805e-13
4.87805e-13
4.87805e-13
4.87805e-13
4.87805e-13
4.87805e-13
4.87805e-13
4.87805e-13
4.87805e-13
4.87805e-13
4.87805e-13
4.87805e-13
4.87805e-13
4.87805e-13
4.87805e-13
4.87805e-13
4.87805e-13
4.87805e-13
4.87805e-13
4.87805e-13
4.87805e-13
4.87805e-13
4.87805e-13
4.87805e-13
4.87805e-13
4.87805e-13
4.87805e-13
4.87805e-13
4.87805e-13
4.87805e-13
4.87805e-13
4.87805e-13
4.87805e-13
4.87805e-13
4.87805e-13
4.87805e-13
4.87805e-13
4.87805e-13
4.87805e-13
4.87805e-13
4.87805e-13
4.87805e-13
4.87805e-13
4.87805e-13
4.87805e-13
4.87805e-13
4.87805e-13
4.87805e-13
4.87805e-13
4.87805e-13
4.87805e-13
4.87805e-13
4.87805e-13
4.87805e-13
4.87805e-13
4.87805e-13
4.87805e-13
4.87805e-13
4.87805e-13
4.87805e-13
4.87805e-13
4.87805e-13
4.87805e-13
4.87805e-13
4.87805e-13
4.87805e-13
4.87805e-13
4.87805e-13
4.87805e-13
4.87805e-13
4.87805e-13
4.87805e-13
4.87805e-13
4.87805e-13
4.87805e-13
4.87805e-13
4.87805e-13
4.87805e-13
4.87805e-13
4.87805e-13
4.87805e-13
4.87805e-13
4.87805e-13
4.87805e-13
4.87805e-13
4.87805e-13
4.87805e-13
4.87805e-13
4.87805e-13
4.87805e-13
4.87805e-13
4.87805e-13
4.87805e-13
4.87805e-13
4.87805e-13
4.87805e-13
4.87805e-13
4.87805e-13
4.87805e-13
4.87805e-13
4.87805e-13
4.87805e-13
4.87805e-13
4.87805e-13
4.87805e-13
4.87805e-13
4.87805e-13
4.87805e-13
4.87805e-13
4.87805e-13
4.87805e-13
4.87805e-13
4.87805e-13
4.87805e-13
4.87805e-13
4.87805e-13
4.87805e-13
4.87805e-13
4.87805e-13
4.87805e-13
4.87805e-13
4.87805e-13
4.87805e-13
4.87805e-13
4.87805e-13
4.87805e-13
4.87805e-13
4.87805e-13
4.87805e-13
4.87805e-13
4.87805e-13
4.87805e-13
4.87805e-13
4.87805e-13
4.87805e-13
4.87805e-13
4.87805e-13
)
;

boundaryField
{
    sides
    {
        type            calculated;
        value           nonuniform List<scalar> 2(4.87805e-13 4.87377e-13);
    }
    empty1
    {
        type            empty;
    }
    empty2
    {
        type            empty;
    }
}


// ************************************************************************* //
