/*--------------------------------*- C++ -*----------------------------------*\
| =========                 |                                                 |
| \\      /  F ield         | OpenFOAM: The Open Source CFD Toolbox           |
|  \\    /   O peration     | Version:  2312                                  |
|   \\  /    A nd           | Website:  www.openfoam.com                      |
|    \\/     M anipulation  |                                                 |
\*---------------------------------------------------------------------------*/
FoamFile
{
    version     2.0;
    format      ascii;
    arch        "LSB;label=32;scalar=64";
    class       surfaceScalarField;
    location    "5e-05";
    object      aSf;
}
// * * * * * * * * * * * * * * * * * * * * * * * * * * * * * * * * * * * * * //

dimensions      [0 3 -1 0 0 0 0];

oriented        oriented;

internalField   nonuniform List<scalar> 
799
(
-0.0171704
-0.0171704
-0.0171704
-0.0171704
-0.0171704
-0.0171704
-0.0171704
-0.0171704
-0.0171704
-0.0171704
-0.0171704
-0.0171704
-0.0171704
-0.0171704
-0.0171704
-0.0171704
-0.0171704
-0.0171704
-0.0171704
-0.0171704
-0.0171704
-0.0171704
-0.0171704
-0.0171704
-0.0171704
-0.0171704
-0.0171704
-0.0171704
-0.0171704
-0.0171704
-0.0171704
-0.0171704
-0.0171704
-0.0171704
-0.0171704
-0.0171704
-0.0171704
-0.0171704
-0.0171704
-0.0171704
-0.0171704
-0.0171704
-0.0171704
-0.0171704
-0.0171704
-0.0171704
-0.0171704
-0.0171704
-0.0171704
-0.0171704
-0.0171704
-0.0171704
-0.0171704
-0.0171704
-0.0171704
-0.0171704
-0.0171704
-0.0171704
-0.0171704
-0.0171704
-0.0171704
-0.0171704
-0.0171704
-0.0171704
-0.0171704
-0.0171704
-0.0171704
-0.0171704
-0.0171704
-0.0171704
-0.0171704
-0.0171704
-0.0171704
-0.0171704
-0.0171704
-0.0171704
-0.0171704
-0.0171704
-0.0171704
-0.0171704
-0.0171704
-0.0171704
-0.0171704
-0.0171704
-0.0171704
-0.0171704
-0.0171704
-0.0171704
-0.0171704
-0.0171704
-0.0171704
-0.0171704
-0.0171704
-0.0171704
-0.0171704
-0.0171704
-0.0171704
-0.0171704
-0.0171704
-0.0171704
-0.0171704
-0.0171704
-0.0171704
-0.0171704
-0.0171704
-0.0171704
-0.0171704
-0.0171704
-0.0171704
-0.0171704
-0.0171704
-0.0171704
-0.0171704
-0.0171704
-0.0171704
-0.0171704
-0.0171704
-0.0171704
-0.0171704
-0.0171704
-0.0171704
-0.0171704
-0.0171704
-0.0171704
-0.0171704
-0.0171704
-0.0171704
-0.0171704
-0.0171704
-0.0171704
-0.0171704
-0.0171704
-0.0171704
-0.0171704
-0.0171704
-0.0171704
-0.0171704
-0.0171704
-0.0171704
-0.0171704
-0.0171704
-0.0171704
-0.0171704
-0.0171704
-0.0171704
-0.0171704
-0.0171704
-0.0171704
-0.0171704
-0.0171704
-0.0171704
-0.0171704
-0.0171704
-0.0171704
-0.0171704
-0.0171704
-0.0171704
-0.0171704
-0.0171704
-0.0171704
-0.0171704
-0.0171704
-0.0171704
-0.0171704
-0.0171704
-0.0171704
-0.0171704
-0.0171704
-0.0171704
-0.0171704
-0.0171704
-0.0171704
-0.0171704
-0.0171704
-0.0171704
-0.0171704
-0.0171704
-0.0171704
-0.0171704
-0.0171704
-0.0171704
-0.0171704
-0.0171704
-0.0171704
-0.0171704
-0.0171704
-0.0171704
-0.0171704
-0.0171704
-0.0171704
-0.0171704
-0.0171704
-0.0171704
-0.0171704
-0.0171704
-0.0171704
-0.0171704
-0.0171704
-0.0171704
-0.0171704
-0.0171704
-0.0171704
-0.0171704
-0.0171704
-0.0171704
-0.0171704
-0.0171704
-0.0171704
-0.0171704
-0.0171704
-0.0171704
-0.0171704
-0.0171704
-0.0171704
-0.0171704
-0.0171704
-0.0171704
-0.0171704
-0.0171704
-0.0171704
-0.0171704
-0.0171704
-0.0171704
-0.0171704
-0.0171704
-0.0171704
-0.0171704
-0.0171704
-0.0171704
-0.0171704
-0.0171704
-0.0171704
-0.0171704
-0.0171704
-0.0171704
-0.0171704
-0.0171704
-0.0171704
-0.0171704
-0.0171704
-0.0171704
-0.0171704
-0.0171704
-0.0171704
-0.0171704
-0.0171704
-0.0171704
-0.0171704
-0.0171704
-0.0171704
-0.0171704
-0.0171704
-0.0171704
-0.0171704
-0.0171704
-0.0171704
-0.0171704
-0.0171704
-0.0171704
-0.0171704
-0.0171704
-0.0171704
-0.0171704
-0.0171704
-0.0171704
-0.0171704
-0.0171704
-0.0171704
-0.0171704
-0.0171704
-0.0171704
-0.0171704
-0.0171704
-0.0171704
-0.0171704
-0.0171704
-0.0171704
-0.0171704
-0.0171704
-0.0171704
-0.0171704
-0.0171704
-0.0171704
-0.0171704
-0.0171704
-0.0171704
-0.0171704
-0.0171704
-0.0171704
-0.0171704
-0.0171704
-0.0171704
-0.0171704
-0.0171704
-0.0171704
-0.0171704
-0.0171704
-0.0171704
-0.0171704
-0.0171704
-0.0171704
-0.0171704
-0.0171704
-0.0171704
-0.0171704
-0.0171704
-0.0171704
-0.0171704
-0.0171704
-0.0171704
-0.0171704
-0.0171704
-0.0171704
-0.0171704
-0.0171704
-0.0171704
-0.0171704
-0.0171704
-0.0171704
-0.0171704
-0.0171704
-0.0171704
-0.0171704
-0.0171704
-0.0171704
-0.0171704
-0.0171704
-0.0171704
-0.0171704
-0.0171704
-0.0171704
-0.0171704
-0.0171704
-0.0171704
-0.0171704
-0.0171704
-0.0171704
-0.0171704
-0.0171704
-0.0171704
-0.0171704
-0.0171704
-0.0171704
-0.0171704
-0.0171704
-0.0171704
-0.0171704
-0.0171704
-0.0171704
-0.0171704
-0.0171704
-0.0171704
-0.0171704
-0.0171704
-0.0171704
-0.0171704
-0.01717
-0.0171686
-0.0171666
-0.0171625
-0.0171541
-0.0171384
-0.0171101
-0.0170618
-0.0169824
-0.0168571
-0.0166678
-0.016394
-0.016019
-0.0155298
-0.0149268
-0.0141926
-0.0133214
-0.0123041
-0.0111454
-0.00982837
-0.00836223
-0.00679345
-0.0052245
-0.0037916
-0.00266416
-0.00189543
-0.00168217
-0.00172933
-0.00152629
-0.00207465
-0.00165138
-0.00264449
-0.00195435
-0.00255337
-0.00387024
-0.0058554
-0.00647
-0.00802589
-0.00892232
-0.00918108
-0.00918108
-0.00853641
-0.00677313
-0.00703782
-0.00951111
-0.0109657
-0.00908214
-0.00755118
-0.00594279
-0.00464061
-0.00439871
-0.00414003
-0.00386375
-0.00356684
-0.00324377
-0.00288614
-0.00247987
-0.00199821
-0.00162636
-0.00155975
-0.00148923
-0.00141571
-0.001339
-0.00125904
-0.00117632
-0.00109614
-0.00104245
-0.0733103
-0.0733103
-0.0733102
-0.0733104
-0.0733104
-0.0733104
-0.0733104
-0.0733104
-0.0733104
-0.0733104
-0.0733102
-0.0733104
-0.0733104
-0.0733102
-0.0733104
-0.0733104
-0.0733104
-0.0733102
-0.0733104
-0.0733104
-0.0733104
-0.0733104
-0.0733102
-0.0733104
-0.0733104
-0.0733102
-0.0733102
-0.0733102
-0.0733104
-0.0733104
-0.0733104
-0.0733104
-0.0733104
-0.0733104
-0.0733104
-0.0733103
-0.0733104
-0.0733104
-0.0733102
-0.0733104
-0.0733104
-0.0733104
-0.0733102
-0.0733102
-0.0733104
-0.0733104
-0.0733104
-0.0733104
-0.0733104
-0.0733104
-0.0733104
-0.0733102
-0.0733102
-0.0733104
-0.0733104
-0.0733104
-0.0733104
-0.0733104
-0.0733104
-0.0733104
-0.0733104
-0.0733104
-0.0733104
-0.0733104
-0.0733102
-0.0733104
-0.0733104
-0.0733104
-0.0733104
-0.0733104
-0.0733104
-0.0733104
-0.0733104
-0.0733104
-0.0733103
-0.0733104
-0.0733104
-0.0733104
-0.0733104
-0.0733104
-0.0733104
-0.0733104
-0.0733104
-0.0733104
-0.0733104
-0.0733104
-0.0733104
-0.0733104
-0.0733104
-0.0733104
-0.0733104
-0.0733104
-0.0733104
-0.0733103
-0.0733104
-0.0733104
-0.0733104
-0.0733102
-0.0733104
-0.0733104
-0.0733104
-0.0733104
-0.0733104
-0.0733104
-0.0733104
-0.0733104
-0.0733104
-0.0733104
-0.0733104
-0.0733102
-0.0733104
-0.0733104
-0.0733104
-0.0733104
-0.0733104
-0.0733104
-0.0733104
-0.0733104
-0.0733104
-0.0733104
-0.0733104
-0.0733104
-0.0733104
-0.0733104
-0.0733104
-0.0733104
-0.0733104
-0.0733104
-0.0733104
-0.0733104
-0.0733104
-0.0733104
-0.0733104
-0.0733104
-0.0733104
-0.0733104
-0.0733104
-0.0733104
-0.0733102
-0.0733104
-0.0733104
-0.0733104
-0.0733104
-0.0733102
-0.0733104
-0.0733104
-0.0733104
-0.0733103
-0.0733104
-0.0733104
-0.0733104
-0.0733103
-0.0733104
-0.0733104
-0.0733104
-0.0733104
-0.0733104
-0.0733104
-0.0733104
-0.0733102
-0.0733104
-0.0733104
-0.0733104
-0.0733104
-0.0733104
-0.0733104
-0.0733104
-0.0733104
-0.0733104
-0.0733104
-0.0733104
-0.0733104
-0.0733104
-0.0733104
-0.0733104
-0.0733104
-0.0733104
-0.0733104
-0.0733104
-0.0733104
-0.0733104
-0.0733104
-0.0733104
-0.0733104
-0.0733104
-0.0733104
-0.0733104
-0.0733104
-0.0733104
-0.0733104
-0.0733104
-0.0733104
-0.0733104
-0.0733104
-0.0733104
-0.0733104
-0.0733104
-0.0733104
-0.0733104
-0.0733104
-0.0733104
-0.0733104
-0.0733102
-0.0733104
-0.0733104
-0.0733104
-0.0733104
-0.0733104
-0.0733104
-0.0733104
-0.0733104
-0.0733104
-0.0733104
-0.0733104
-0.0733104
-0.0733104
-0.0733104
-0.0733104
-0.0733104
-0.0733104
-0.0733104
-0.0733104
-0.0733104
-0.0733104
-0.0733104
-0.0733104
-0.0733104
-0.0733104
-0.0733104
-0.0733104
-0.0733102
-0.0733102
-0.0733104
-0.0733104
-0.0733104
-0.0733104
-0.0733104
-0.0733104
-0.0733104
-0.0733104
-0.0733104
-0.0733104
-0.0733104
-0.0733104
-0.0733104
-0.0733104
-0.0733104
-0.0733104
-0.0733104
-0.0733104
-0.0733104
-0.0733104
-0.0733104
-0.0733104
-0.0733104
-0.0733104
-0.0733102
-0.0733104
-0.0733104
-0.0733104
-0.0733104
-0.0733104
-0.0733104
-0.0733104
-0.0733104
-0.0733104
-0.0733104
-0.0733104
-0.0733104
-0.0733104
-0.0733104
-0.0733104
-0.0733104
-0.0733104
-0.0733104
-0.0733104
-0.0733104
-0.0733104
-0.0733104
-0.0733104
-0.0733104
-0.0733103
-0.0733104
-0.0733104
-0.0733103
-0.0733104
-0.0733104
-0.0733104
-0.0733104
-0.0733104
-0.0733104
-0.0733104
-0.0733104
-0.0733104
-0.0733104
-0.0733104
-0.0733104
-0.0733104
-0.0733104
-0.0733104
-0.0733104
-0.0733104
-0.0733104
-0.0733104
-0.0733104
-0.0733104
-0.0733104
-0.0733104
-0.0733104
-0.0733104
-0.0733104
-0.0733104
-0.0733104
-0.0733104
-0.0733104
-0.0733104
-0.0733104
-0.0733103
-0.0733104
-0.0733104
-0.0733104
-0.0733104
-0.0733104
-0.0733104
-0.0733104
-0.0733104
-0.0733104
-0.0733104
-0.0733104
-0.0733104
-0.0733104
-0.0733104
-0.0733104
-0.0733104
-0.0733104
-0.0733104
-0.0733104
-0.0733104
-0.0733104
-0.0733104
-0.0733104
-0.0733104
-0.0733104
-0.0733104
-0.0733103
-0.0733104
-0.0733104
-0.0733104
-0.0733104
-0.0733104
-0.0733104
-0.0733104
-0.0733102
-0.0733104
-0.0733104
-0.0733104
-0.0733103
-0.0733104
-0.0733104
-0.0733104
-0.0733104
-0.0733104
-0.0733104
-0.0733104
-0.0733104
-0.0733104
-0.0733104
-0.0733104
-0.0733104
-0.0733104
-0.0733104
-0.0733104
-0.0733104
-0.0733104
-0.0733104
-0.0733104
)
;

boundaryField
{
    sides
    {
        type            calculated;
        value           nonuniform List<scalar> 2(-0.0733104 -0.0171704);
    }
    empty1
    {
        type            empty;
        value           nonuniform List<scalar> 0();
    }
    empty2
    {
        type            empty;
        value           nonuniform List<scalar> 0();
    }
}


// ************************************************************************* //
