/*--------------------------------*- C++ -*----------------------------------*\
| =========                 |                                                 |
| \\      /  F ield         | OpenFOAM: The Open Source CFD Toolbox           |
|  \\    /   O peration     | Version:  2312                                  |
|   \\  /    A nd           | Website:  www.openfoam.com                      |
|    \\/     M anipulation  |                                                 |
\*---------------------------------------------------------------------------*/
FoamFile
{
    version     2.0;
    format      ascii;
    arch        "LSB;label=32;scalar=64";
    class       volScalarField;
    location    "5e-05";
    object      cSound;
}
// * * * * * * * * * * * * * * * * * * * * * * * * * * * * * * * * * * * * * //

dimensions      [0 1 -1 0 0 0 0];

internalField   nonuniform List<scalar> 
800
(
343.407
343.407
343.407
343.407
343.407
343.407
343.407
343.407
343.407
343.407
343.407
343.407
343.407
343.407
343.407
343.407
343.407
343.407
343.407
343.407
343.407
343.407
343.407
343.407
343.407
343.407
343.407
343.407
343.407
343.407
343.407
343.407
343.407
343.407
343.407
343.407
343.407
343.407
343.407
343.407
343.407
343.407
343.407
343.407
343.407
343.407
343.407
343.407
343.407
343.407
343.407
343.407
343.407
343.407
343.407
343.407
343.407
343.407
343.407
343.407
343.407
343.407
343.407
343.407
343.407
343.407
343.407
343.407
343.407
343.407
343.407
343.407
343.407
343.407
343.407
343.407
343.407
343.407
343.407
343.407
343.407
343.407
343.407
343.407
343.407
343.407
343.407
343.407
343.407
343.407
343.407
343.407
343.407
343.407
343.407
343.407
343.407
343.407
343.407
343.407
343.407
343.407
343.407
343.407
343.407
343.407
343.407
343.407
343.407
343.407
343.407
343.407
343.407
343.407
343.407
343.407
343.407
343.407
343.407
343.407
343.407
343.407
343.407
343.407
343.407
343.407
343.407
343.407
343.407
343.407
343.407
343.407
343.407
343.407
343.407
343.407
343.407
343.407
343.407
343.407
343.407
343.407
343.407
343.407
343.407
343.407
343.407
343.407
343.407
343.407
343.407
343.407
343.407
343.407
343.407
343.407
343.407
343.407
343.407
343.407
343.407
343.407
343.407
343.407
343.407
343.407
343.407
343.407
343.407
343.407
343.407
343.407
343.407
343.407
343.407
343.407
343.407
343.407
343.407
343.407
343.407
343.407
343.407
343.407
343.407
343.407
343.407
343.407
343.407
343.407
343.407
343.407
343.407
343.407
343.407
343.407
343.407
343.407
343.407
343.407
343.407
343.407
343.407
343.407
343.407
343.407
343.407
343.407
343.407
343.407
343.407
343.407
343.407
343.407
343.407
343.407
343.407
343.407
343.407
343.407
343.407
343.407
343.407
343.407
343.407
343.407
343.407
343.407
343.407
343.407
343.407
343.407
343.407
343.407
343.407
343.407
343.407
343.407
343.407
343.407
343.407
343.407
343.407
343.407
343.407
343.407
343.407
343.407
343.407
343.407
343.407
343.407
343.407
343.407
343.407
343.407
343.407
343.407
343.407
343.407
343.407
343.407
343.407
343.407
343.407
343.407
343.407
343.407
343.407
343.407
343.407
343.407
343.407
343.407
343.407
343.407
343.407
343.407
343.407
343.407
343.407
343.407
343.407
343.407
343.407
343.407
343.407
343.407
343.407
343.407
343.407
343.407
343.407
343.407
343.407
343.407
343.407
343.407
343.407
343.407
343.407
343.407
343.407
343.407
343.407
343.407
343.407
343.407
343.407
343.407
343.407
343.407
343.407
343.407
343.407
343.407
343.407
343.407
343.407
343.407
343.407
343.407
343.407
343.407
343.407
343.407
343.407
343.407
343.407
343.407
343.407
343.407
343.407
343.407
343.407
343.407
343.407
343.407
343.407
343.407
343.407
343.407
343.407
343.407
343.407
343.407
343.407
343.407
343.407
343.407
343.407
343.407
343.407
343.407
343.407
343.406
343.398
343.373
343.331
343.246
343.084
342.794
342.306
341.54
340.416
338.873
336.882
334.453
331.63
328.507
325.18
321.706
318.154
314.5
310.883
307.169
303.552
299.959
296.775
294.228
292.587
291.672
291.883
293.091
293.639
297.623
299.768
307.041
312.215
321.072
327.88
339.962
352.855
367.882
383.563
394.041
397.452
387.527
358.187
311.687
259.523
226.327
193.293
165.115
134.275
95.2197
90.3894
85.3302
79.9601
74.2112
67.9874
61.1443
53.4464
44.4583
33.1932
31.8611
30.4767
29.0351
27.5317
25.9644
24.3391
22.6892
21.1566
20.5415
1466.21
1466.2
1466.2
1466.21
1466.21
1466.21
1466.21
1466.21
1466.21
1466.2
1466.2
1466.21
1466.2
1466.2
1466.21
1466.21
1466.2
1466.2
1466.21
1466.21
1466.21
1466.2
1466.2
1466.21
1466.2
1466.2
1466.2
1466.2
1466.21
1466.21
1466.21
1466.21
1466.21
1466.21
1466.21
1466.2
1466.21
1466.2
1466.2
1466.21
1466.21
1466.2
1466.2
1466.2
1466.21
1466.21
1466.21
1466.21
1466.21
1466.21
1466.2
1466.2
1466.2
1466.21
1466.2
1466.21
1466.21
1466.21
1466.21
1466.2
1466.21
1466.21
1466.21
1466.2
1466.2
1466.21
1466.21
1466.2
1466.21
1466.21
1466.21
1466.21
1466.21
1466.21
1466.2
1466.21
1466.21
1466.21
1466.21
1466.21
1466.21
1466.2
1466.21
1466.2
1466.21
1466.2
1466.21
1466.21
1466.21
1466.21
1466.21
1466.21
1466.21
1466.2
1466.21
1466.21
1466.2
1466.2
1466.21
1466.21
1466.2
1466.21
1466.21
1466.21
1466.21
1466.21
1466.21
1466.21
1466.21
1466.2
1466.21
1466.21
1466.21
1466.21
1466.21
1466.21
1466.21
1466.21
1466.21
1466.21
1466.21
1466.21
1466.21
1466.21
1466.2
1466.21
1466.21
1466.21
1466.21
1466.21
1466.21
1466.21
1466.21
1466.21
1466.21
1466.2
1466.21
1466.2
1466.2
1466.21
1466.21
1466.21
1466.2
1466.21
1466.21
1466.21
1466.2
1466.21
1466.21
1466.21
1466.21
1466.2
1466.21
1466.21
1466.21
1466.21
1466.21
1466.21
1466.2
1466.2
1466.21
1466.21
1466.21
1466.21
1466.21
1466.21
1466.21
1466.21
1466.21
1466.21
1466.21
1466.21
1466.21
1466.21
1466.2
1466.21
1466.2
1466.21
1466.21
1466.2
1466.21
1466.21
1466.21
1466.21
1466.21
1466.2
1466.21
1466.2
1466.21
1466.2
1466.21
1466.2
1466.21
1466.2
1466.21
1466.21
1466.21
1466.21
1466.21
1466.21
1466.21
1466.2
1466.2
1466.21
1466.21
1466.21
1466.21
1466.21
1466.21
1466.21
1466.21
1466.21
1466.21
1466.21
1466.21
1466.2
1466.21
1466.2
1466.21
1466.21
1466.2
1466.21
1466.21
1466.21
1466.21
1466.2
1466.21
1466.21
1466.21
1466.2
1466.2
1466.2
1466.21
1466.21
1466.21
1466.21
1466.21
1466.21
1466.21
1466.21
1466.21
1466.21
1466.21
1466.21
1466.21
1466.21
1466.21
1466.2
1466.21
1466.21
1466.21
1466.21
1466.21
1466.21
1466.21
1466.2
1466.2
1466.21
1466.21
1466.21
1466.21
1466.21
1466.21
1466.21
1466.21
1466.21
1466.21
1466.2
1466.21
1466.21
1466.2
1466.21
1466.21
1466.21
1466.21
1466.21
1466.21
1466.21
1466.21
1466.21
1466.21
1466.2
1466.21
1466.21
1466.2
1466.21
1466.21
1466.21
1466.21
1466.21
1466.21
1466.2
1466.21
1466.21
1466.21
1466.21
1466.21
1466.21
1466.21
1466.21
1466.21
1466.21
1466.21
1466.21
1466.2
1466.21
1466.21
1466.21
1466.21
1466.21
1466.21
1466.21
1466.21
1466.21
1466.21
1466.21
1466.21
1466.2
1466.21
1466.21
1466.21
1466.21
1466.2
1466.21
1466.21
1466.21
1466.2
1466.21
1466.21
1466.21
1466.2
1466.21
1466.21
1466.21
1466.21
1466.2
1466.21
1466.21
1466.21
1466.21
1466.21
1466.21
1466.21
1466.2
1466.21
1466.21
1466.21
1466.2
1466.21
1466.2
1466.21
1466.2
1466.2
1466.21
1466.21
1466.21
1466.2
1466.21
1466.21
1466.21
1466.2
1466.21
1466.21
1466.21
1466.21
1466.21
1466.21
1466.21
1466.21
1466.21
1466.21
1466.21
1466.21
1466.21
1466.21
1466.21
)
;

boundaryField
{
    sides
    {
        type            calculated;
        value           nonuniform List<scalar> 2(1466.21 343.407);
    }
    empty1
    {
        type            empty;
    }
    empty2
    {
        type            empty;
    }
}


// ************************************************************************* //
