/*--------------------------------*- C++ -*----------------------------------*\
| =========                 |                                                 |
| \\      /  F ield         | OpenFOAM: The Open Source CFD Toolbox           |
|  \\    /   O peration     | Version:  2312                                  |
|   \\  /    A nd           | Website:  www.openfoam.com                      |
|    \\/     M anipulation  |                                                 |
\*---------------------------------------------------------------------------*/
FoamFile
{
    version     2.0;
    format      ascii;
    arch        "LSB;label=32;scalar=64";
    class       surfaceScalarField;
    location    "5e-05";
    object      phiRhoHat_nei;
}
// * * * * * * * * * * * * * * * * * * * * * * * * * * * * * * * * * * * * * //

dimensions      [1 0 -1 0 0 0 0];

oriented        oriented;

internalField   nonuniform List<scalar> 
799
(
-1.01588e-32
-0
-3.05007e-17
-3.05007e-17
-0
-0
3.05007e-17
3.05007e-17
8.12701e-32
-0
-3.05007e-17
-0
-0
-3.05007e-17
3.05007e-17
-3.05007e-17
3.05007e-17
-3.05007e-17
-0
-0
-0
-0
-6.10014e-17
-6.10014e-17
3.05007e-17
3.05007e-17
-3.05007e-17
-0
-0
-0
-0
-3.05007e-17
3.05007e-17
-3.05007e-17
-3.38626e-33
-0
-0
3.05007e-17
1.52503e-17
-3.05007e-17
3.05007e-17
-0
3.05007e-17
-0
3.05007e-17
-3.05007e-17
3.05007e-17
3.05007e-17
-3.05007e-17
-0
-3.05007e-17
-0
-3.05007e-17
-2.87832e-31
-0
-3.05007e-17
-5.75664e-32
-0
3.05007e-17
3.05007e-17
6.09526e-32
-0
-3.05007e-17
-3.05007e-17
-3.05007e-17
-3.05007e-17
-3.05007e-17
-3.05007e-17
-6.10014e-17
-4.5751e-17
-0
-0
-3.05007e-17
3.05007e-17
1.52503e-17
-3.05007e-17
-3.05007e-17
-0
-0
-3.05007e-17
-0
-3.05007e-17
-0
-0
-0
-3.05007e-17
-3.05007e-17
-1.52503e-17
3.05007e-17
-0
-0
-0
-3.05007e-17
-3.05007e-17
3.05007e-17
1.52503e-17
-3.05007e-17
-3.38626e-33
-0
3.05007e-17
1.52503e-17
-3.05007e-17
-3.05007e-17
3.05007e-17
-3.05007e-17
-4.53758e-31
-0
-3.05007e-17
-3.42012e-31
-0
3.05007e-17
1.52503e-17
-3.05007e-17
-3.05007e-17
-3.05007e-17
-2.26879e-31
-0
-3.05007e-17
-3.05007e-17
-1.52503e-17
3.05007e-17
1.52503e-17
-3.05007e-17
3.05007e-17
-3.05007e-17
-3.05007e-17
-4.53758e-31
-0
3.05007e-17
-3.05007e-17
3.05007e-17
-0
3.05007e-17
3.05007e-17
3.05007e-17
3.05007e-17
-3.05007e-17
-3.05007e-17
-0
-3.05007e-17
-0
-3.05007e-17
3.05007e-17
-3.05007e-17
-3.42012e-31
-0
-0
-3.05007e-17
-1.578e-30
-0
3.05007e-17
3.05007e-17
9.0413e-31
-0
-0
-3.05007e-17
-1.52503e-17
3.05007e-17
9.07517e-31
-0
-0
-0
-0
-0
-3.05007e-17
3.05007e-17
4.53758e-31
-0
-3.05007e-17
-3.05007e-17
-6.10014e-17
-0
-3.05007e-17
3.05007e-17
-3.05007e-17
-9.10903e-31
-0
3.05007e-17
-0
3.05007e-17
9.07517e-31
-0
-0
-3.05007e-17
-1.52503e-17
3.05007e-17
3.05007e-17
3.05007e-17
-3.05007e-17
-2.37377e-30
-0
-0
-0
-0
-3.05007e-17
-3.05007e-17
3.05007e-17
-0
3.05007e-17
1.52503e-17
-3.05007e-17
-3.38626e-33
-0
-0
-0
-3.05007e-17
-3.05007e-17
-3.38626e-33
-0
-3.05007e-17
-6.84024e-31
-0
-0
-0
-3.05007e-17
-3.05007e-17
-0
-3.05007e-17
-2.03853e-30
-0
-0
-3.05007e-17
-2.03853e-30
-0
3.05007e-17
-0
-0
3.05007e-17
-3.05007e-17
-6.84024e-31
-0
-3.05007e-17
-3.05007e-17
-0
-0
3.05007e-17
-3.05007e-17
-3.05007e-17
-0
-3.05007e-17
-0
-0
-6.10014e-17
3.05007e-17
-3.05007e-17
3.05007e-17
-3.05007e-17
-0
-3.05007e-17
3.05007e-17
-3.05007e-17
-0
-3.05007e-17
-1.58138e-30
-0
-3.05007e-17
-0
-3.05007e-17
-0
-0
3.05007e-17
-3.05007e-17
-0
-0
-0
-3.05007e-17
-0
-3.05007e-17
-0
-0
-0
3.05007e-17
-3.05007e-17
-0
-3.05007e-17
-3.05007e-17
-0
-3.05007e-17
-0
-3.05007e-17
-0
-0
-0
-0
-3.05007e-17
3.05007e-17
1.52503e-17
-3.05007e-17
-3.05007e-17
-0
-3.05007e-17
-0
-3.05007e-17
-3.05007e-17
-0
-3.05007e-17
-3.05007e-17
-0
-3.05007e-17
-0
-3.05007e-17
-3.38626e-33
-0
-0
-0
-3.05007e-17
-0
-3.05007e-17
-0
-3.05007e-17
-6.84024e-31
-0
-0
-3.05007e-17
-3.05007e-17
-3.05007e-17
-0
-3.05007e-17
-3.05007e-17
-0
-0
-0
-3.05007e-17
-2.26879e-31
-0
-0
-0
-3.05007e-17
-1.58138e-30
-0
-3.05007e-17
-3.05007e-17
-3.05007e-17
-0
-3.05007e-17
-3.05007e-17
-0
-3.05007e-17
-3.05007e-17
-1.52503e-17
3.05007e-17
-3.05007e-17
3.05007e-17
3.05007e-17
6.10014e-17
3.05007e-17
-6.10014e-17
-4.5751e-17
-0
-0
-0
-0
-0
-0
-0
-0
-0
-0
-0
6.08391e-17
-0
-0
2.99369e-17
1.53144e-30
-0
-2.81256e-17
-2.70576e-17
-1.14616e-30
-0
-2.25076e-17
-6.1338e-31
-0
-8.44282e-18
7.46068e-18
-6.46082e-18
-0
-0
-0
-0
-0
-2.48616e-18
-4.3308e-19
7.69823e-19
7.79091e-19
3.60968e-32
-0
-0
-0
-0
5.8747e-19
4.57967e-19
-1.41407e-18
-0
-0
-0
-5.30745e-08
-4.58194e-07
-2.0988e-06
-5.84911e-06
-2.68717e-05
-3.51376e-05
-5.57806e-05
-7.52935e-05
-0.000147302
-0.000649409
-0.000648581
-0.000775842
-0.000947448
-0.00118934
-0.00155028
-0.00213312
-0.00319522
-0.00558526
-0.0200623
-0.0201013
-0.0235195
-0.0280039
-0.0341232
-0.0428606
-0.0561256
-0.0781113
-0.120205
-0.226122
-73.27
-73.27
-73.27
-73.2702
-73.2702
-73.2702
-73.2702
-73.2702
-73.2702
-73.2701
-73.27
-73.2702
-73.2702
-73.27
-73.2702
-73.2702
-73.2702
-73.27
-73.2702
-73.2702
-73.2702
-73.2701
-73.27
-73.2702
-73.2702
-73.27
-73.27
-73.27
-73.2702
-73.2702
-73.2702
-73.2702
-73.2702
-73.2702
-73.2702
-73.2701
-73.2702
-73.2702
-73.27
-73.2702
-73.2702
-73.2702
-73.27
-73.27
-73.2702
-73.2702
-73.2702
-73.2702
-73.2702
-73.2702
-73.2701
-73.27
-73.27
-73.2702
-73.2702
-73.2702
-73.2702
-73.2702
-73.2702
-73.2702
-73.2701
-73.2702
-73.2702
-73.2702
-73.27
-73.2702
-73.2702
-73.2701
-73.2702
-73.2702
-73.2702
-73.2702
-73.2702
-73.2702
-73.2701
-73.2701
-73.2702
-73.2702
-73.2702
-73.2702
-73.2702
-73.2702
-73.2702
-73.2702
-73.2702
-73.2702
-73.2702
-73.2702
-73.2702
-73.2702
-73.2702
-73.2702
-73.2702
-73.2701
-73.2702
-73.2702
-73.2702
-73.27
-73.2702
-73.2702
-73.2702
-73.2702
-73.2702
-73.2702
-73.2702
-73.2702
-73.2702
-73.2702
-73.2702
-73.27
-73.2702
-73.2702
-73.2702
-73.2702
-73.2702
-73.2702
-73.2702
-73.2702
-73.2702
-73.2702
-73.2702
-73.2702
-73.2702
-73.2702
-73.2702
-73.2702
-73.2702
-73.2702
-73.2702
-73.2702
-73.2702
-73.2702
-73.2702
-73.2702
-73.2702
-73.2702
-73.2702
-73.2702
-73.27
-73.2702
-73.2702
-73.2702
-73.2702
-73.27
-73.2702
-73.2702
-73.2702
-73.2701
-73.2702
-73.2702
-73.2702
-73.2701
-73.2702
-73.2702
-73.2702
-73.2702
-73.2702
-73.2702
-73.2702
-73.27
-73.2702
-73.2702
-73.2702
-73.2702
-73.2702
-73.2702
-73.2702
-73.2702
-73.2702
-73.2702
-73.2702
-73.2702
-73.2702
-73.2702
-73.2702
-73.2701
-73.2701
-73.2702
-73.2702
-73.2702
-73.2702
-73.2702
-73.2702
-73.2702
-73.2702
-73.2702
-73.2702
-73.2702
-73.2701
-73.2701
-73.2702
-73.2702
-73.2702
-73.2702
-73.2702
-73.2702
-73.2702
-73.2702
-73.2702
-73.2702
-73.2702
-73.2702
-73.27
-73.2702
-73.2702
-73.2702
-73.2702
-73.2702
-73.2702
-73.2702
-73.2702
-73.2702
-73.2702
-73.2702
-73.2702
-73.2702
-73.2702
-73.2702
-73.2702
-73.2702
-73.2702
-73.2702
-73.2702
-73.2702
-73.2702
-73.2702
-73.2702
-73.2702
-73.2702
-73.2702
-73.27
-73.27
-73.2702
-73.2702
-73.2702
-73.2702
-73.2702
-73.2702
-73.2702
-73.2702
-73.2702
-73.2702
-73.2702
-73.2702
-73.2702
-73.2702
-73.2702
-73.2702
-73.2702
-73.2702
-73.2702
-73.2702
-73.2702
-73.2702
-73.2702
-73.2701
-73.27
-73.2702
-73.2702
-73.2702
-73.2702
-73.2702
-73.2702
-73.2702
-73.2702
-73.2702
-73.2702
-73.2702
-73.2701
-73.2702
-73.2702
-73.2701
-73.2702
-73.2702
-73.2702
-73.2702
-73.2702
-73.2702
-73.2702
-73.2702
-73.2702
-73.2701
-73.2702
-73.2702
-73.2701
-73.2702
-73.2702
-73.2702
-73.2702
-73.2702
-73.2702
-73.2702
-73.2702
-73.2702
-73.2702
-73.2702
-73.2702
-73.2702
-73.2702
-73.2702
-73.2702
-73.2702
-73.2702
-73.2702
-73.2702
-73.2702
-73.2702
-73.2702
-73.2702
-73.2702
-73.2702
-73.2702
-73.2702
-73.2702
-73.2702
-73.2702
-73.2702
-73.2701
-73.2702
-73.2702
-73.2702
-73.2702
-73.2702
-73.2702
-73.2702
-73.2702
-73.2702
-73.2701
-73.2702
-73.2702
-73.2701
-73.2702
-73.2702
-73.2702
-73.2702
-73.2702
-73.2702
-73.2702
-73.2702
-73.2702
-73.2702
-73.2702
-73.2702
-73.2701
-73.2701
-73.2702
-73.2702
-73.2702
-73.2702
-73.2702
-73.2701
-73.2701
-73.27
-73.2702
-73.2702
-73.2702
-73.2701
-73.2701
-73.2702
-73.2702
-73.2702
-73.2702
-73.2702
-73.2702
-73.2702
-73.2702
-73.2702
-73.2702
-73.2702
-73.2702
-73.2702
-73.2702
-73.2702
-73.2702
-73.2702
-73.2702
)
;

boundaryField
{
    sides
    {
        type            calculated;
        value           nonuniform List<scalar> 2(-73.2702 -3.05007e-17);
    }
    empty1
    {
        type            empty;
        value           nonuniform List<scalar> 0();
    }
    empty2
    {
        type            empty;
        value           nonuniform List<scalar> 0();
    }
}


// ************************************************************************* //
