/*--------------------------------*- C++ -*----------------------------------*\
| =========                 |                                                 |
| \\      /  F ield         | OpenFOAM: The Open Source CFD Toolbox           |
|  \\    /   O peration     | Version:  2312                                  |
|   \\  /    A nd           | Website:  www.openfoam.com                      |
|    \\/     M anipulation  |                                                 |
\*---------------------------------------------------------------------------*/
FoamFile
{
    version     2.0;
    format      ascii;
    arch        "LSB;label=32;scalar=64";
    class       surfaceScalarField;
    location    "5e-05";
    object      phiRhoHat_own;
}
// * * * * * * * * * * * * * * * * * * * * * * * * * * * * * * * * * * * * * //

dimensions      [1 0 -1 0 0 0 0];

oriented        oriented;

internalField   nonuniform List<scalar> 
799
(
3.05007e-17
0
0
3.05007e-17
3.05007e-17
0
-3.38626e-33
-3.05007e-17
-3.05007e-17
0
0
3.05007e-17
0
8.46564e-32
3.05007e-17
-3.05007e-17
3.05007e-17
-3.05007e-17
3.05007e-17
0
0
0
0
6.10014e-17
6.10014e-17
-3.05007e-17
-3.05007e-17
3.05007e-17
0
0
0
3.38626e-33
3.05007e-17
-3.05007e-17
3.05007e-17
0
0
0
-3.05007e-17
1.52503e-17
3.05007e-17
-3.05007e-17
0
-3.05007e-17
0
-3.05007e-17
3.05007e-17
-3.05007e-17
-3.05007e-17
3.05007e-17
0
3.05007e-17
0
3.05007e-17
0
3.38626e-33
3.05007e-17
0
0
-3.05007e-17
-3.05007e-17
0
2.87832e-31
3.05007e-17
3.05007e-17
3.05007e-17
3.05007e-17
3.05007e-17
3.05007e-17
6.10014e-17
1.52503e-17
0
3.38626e-33
3.05007e-17
-3.05007e-17
1.52503e-17
3.05007e-17
3.05007e-17
0
5.62119e-31
3.05007e-17
0
3.05007e-17
0
0
0
3.05007e-17
3.05007e-17
-1.52503e-17
-3.05007e-17
0
0
0
3.05007e-17
3.05007e-17
-3.05007e-17
1.52503e-17
3.05007e-17
0
-2.87832e-31
-3.05007e-17
1.52503e-17
3.05007e-17
3.05007e-17
-3.05007e-17
3.05007e-17
0
0
3.05007e-17
0
0
-3.05007e-17
1.52503e-17
3.05007e-17
3.05007e-17
3.05007e-17
0
0
3.05007e-17
3.05007e-17
-1.52503e-17
-3.05007e-17
1.52503e-17
3.05007e-17
-3.05007e-17
3.05007e-17
3.05007e-17
0
0
-3.05007e-17
3.05007e-17
-3.05007e-17
0
-3.05007e-17
-3.05007e-17
-3.05007e-17
-3.05007e-17
3.05007e-17
3.05007e-17
0
3.05007e-17
0
3.05007e-17
-3.05007e-17
3.05007e-17
0
0
0
3.05007e-17
0
0
-3.05007e-17
-3.05007e-17
0
0
0
3.05007e-17
-1.52503e-17
-3.05007e-17
0
0
0
0
0
0
3.05007e-17
-3.05007e-17
0
1.18519e-31
3.05007e-17
3.05007e-17
6.10014e-17
0
3.05007e-17
-3.05007e-17
3.05007e-17
0
0
-3.05007e-17
0
-3.05007e-17
0
0
0
3.05007e-17
-1.52503e-17
-3.05007e-17
-3.05007e-17
-3.05007e-17
3.05007e-17
0
0
0
0
0
3.05007e-17
3.05007e-17
-3.05007e-17
0
-3.05007e-17
1.52503e-17
3.05007e-17
0
0
0
0
3.05007e-17
3.05007e-17
0
0
3.05007e-17
0
0
0
0
3.05007e-17
3.05007e-17
0
3.05007e-17
0
0
0
3.05007e-17
0
0
-3.05007e-17
0
0
-3.05007e-17
3.05007e-17
0
2.30265e-31
3.05007e-17
3.05007e-17
0
0
-3.05007e-17
3.05007e-17
3.05007e-17
0
3.05007e-17
0
4.60531e-31
6.10014e-17
-3.05007e-17
3.05007e-17
-3.05007e-17
3.05007e-17
0
3.05007e-17
-3.05007e-17
3.05007e-17
0
3.05007e-17
0
0
3.05007e-17
0
3.05007e-17
0
0
-3.05007e-17
3.05007e-17
0
0
0
3.05007e-17
0
3.05007e-17
0
0
0
-3.05007e-17
3.05007e-17
0
3.05007e-17
3.05007e-17
0
3.05007e-17
0
3.05007e-17
0
0
0
0
3.05007e-17
-3.05007e-17
1.52503e-17
3.05007e-17
3.05007e-17
0
3.05007e-17
0
3.05007e-17
3.05007e-17
0
3.05007e-17
3.05007e-17
0
3.05007e-17
0
3.05007e-17
0
0
0
0
3.05007e-17
0
3.05007e-17
0
3.05007e-17
0
0
0
3.05007e-17
3.05007e-17
3.05007e-17
0
3.05007e-17
3.05007e-17
0
0
0
3.05007e-17
0
0
0
0
3.05007e-17
0
0
3.05007e-17
3.05007e-17
3.05007e-17
0
3.05007e-17
3.05007e-17
0
3.05007e-17
3.05007e-17
-1.52503e-17
-3.05007e-17
3.05007e-17
-3.05007e-17
-3.05007e-17
-6.10014e-17
3.05007e-17
6.10014e-17
1.52503e-17
0
0
0
0
0
0
0
0
0
0
-9.15536e-31
-6.11732e-17
0
-2.28179e-30
-3.10486e-17
0
0
3.25901e-17
3.34347e-17
0
0
3.67707e-17
0
0
2.03115e-17
-2.0988e-17
2.16696e-17
0
0
0
0
0
5.00792e-17
-1.26229e-17
-2.5277e-17
-2.58016e-17
0
0
0
0
-1.53458e-33
-1.39769e-17
6.97681e-18
1.44347e-17
0
0
0
1.03564e-06
7.27049e-06
2.94958e-05
8.61157e-05
0.000138617
7.21549e-05
5.66529e-05
0.00010351
0.000217199
0.000648626
0.000749115
0.000907009
0.0011247
0.00143928
0.00192217
0.00272916
0.00426055
0.00785611
0.0201013
0.0228961
0.0271007
0.0327544
0.0406639
0.0523208
0.0707781
0.103544
0.175258
27.3418
73.27
73.27
73.2702
73.2702
73.2702
73.2702
73.2702
73.2702
73.2701
73.27
73.2702
73.2702
73.27
73.2702
73.2702
73.2702
73.27
73.2702
73.2702
73.2702
73.2701
73.27
73.2702
73.2702
73.27
73.27
73.27
73.2702
73.2702
73.2702
73.2702
73.2702
73.2702
73.2702
73.2701
73.2702
73.2702
73.27
73.2702
73.2702
73.2702
73.27
73.27
73.2702
73.2702
73.2702
73.2702
73.2702
73.2702
73.2701
73.27
73.27
73.2702
73.2702
73.2702
73.2702
73.2702
73.2702
73.2702
73.2701
73.2702
73.2702
73.2702
73.27
73.2702
73.2702
73.2701
73.2702
73.2702
73.2702
73.2702
73.2702
73.2702
73.2701
73.2701
73.2702
73.2702
73.2702
73.2702
73.2702
73.2702
73.2702
73.2702
73.2702
73.2702
73.2702
73.2702
73.2702
73.2702
73.2702
73.2702
73.2702
73.2701
73.2702
73.2702
73.2702
73.27
73.2702
73.2702
73.2702
73.2702
73.2702
73.2702
73.2702
73.2702
73.2702
73.2702
73.2702
73.27
73.2702
73.2702
73.2702
73.2702
73.2702
73.2702
73.2702
73.2702
73.2702
73.2702
73.2702
73.2702
73.2702
73.2702
73.2702
73.2702
73.2702
73.2702
73.2702
73.2702
73.2702
73.2702
73.2702
73.2702
73.2702
73.2702
73.2702
73.2702
73.27
73.2702
73.2702
73.2702
73.2702
73.27
73.2702
73.2702
73.2702
73.2701
73.2702
73.2702
73.2702
73.2701
73.2702
73.2702
73.2702
73.2702
73.2702
73.2702
73.2702
73.27
73.2702
73.2702
73.2702
73.2702
73.2702
73.2702
73.2702
73.2702
73.2702
73.2702
73.2702
73.2702
73.2702
73.2702
73.2702
73.2701
73.2701
73.2702
73.2702
73.2702
73.2702
73.2702
73.2702
73.2702
73.2702
73.2702
73.2702
73.2702
73.2701
73.2701
73.2702
73.2702
73.2702
73.2702
73.2702
73.2702
73.2702
73.2702
73.2702
73.2702
73.2702
73.2702
73.27
73.2702
73.2702
73.2702
73.2702
73.2702
73.2702
73.2702
73.2702
73.2702
73.2702
73.2702
73.2702
73.2702
73.2702
73.2702
73.2702
73.2702
73.2702
73.2702
73.2702
73.2702
73.2702
73.2702
73.2702
73.2702
73.2702
73.2702
73.27
73.27
73.2702
73.2702
73.2702
73.2702
73.2702
73.2702
73.2702
73.2702
73.2702
73.2702
73.2702
73.2702
73.2702
73.2702
73.2702
73.2702
73.2702
73.2702
73.2702
73.2702
73.2702
73.2702
73.2702
73.2701
73.27
73.2702
73.2702
73.2702
73.2702
73.2702
73.2702
73.2702
73.2702
73.2702
73.2702
73.2702
73.2701
73.2702
73.2702
73.2701
73.2702
73.2702
73.2702
73.2702
73.2702
73.2702
73.2702
73.2702
73.2702
73.2701
73.2702
73.2702
73.2701
73.2702
73.2702
73.2702
73.2702
73.2702
73.2702
73.2702
73.2702
73.2702
73.2702
73.2702
73.2702
73.2702
73.2702
73.2702
73.2702
73.2702
73.2702
73.2702
73.2702
73.2702
73.2702
73.2702
73.2702
73.2702
73.2702
73.2702
73.2702
73.2702
73.2702
73.2702
73.2702
73.2701
73.2702
73.2702
73.2702
73.2702
73.2702
73.2702
73.2702
73.2702
73.2702
73.2701
73.2702
73.2702
73.2701
73.2702
73.2702
73.2702
73.2702
73.2702
73.2702
73.2702
73.2702
73.2702
73.2702
73.2702
73.2702
73.2701
73.2701
73.2702
73.2702
73.2702
73.2702
73.2702
73.2701
73.2701
73.27
73.2702
73.2702
73.2702
73.2701
73.2701
73.2702
73.2702
73.2702
73.2702
73.2702
73.2702
73.2702
73.2702
73.2702
73.2702
73.2702
73.2702
73.2702
73.2702
73.2702
73.2702
73.2702
73.2702
)
;

boundaryField
{
    sides
    {
        type            calculated;
        value           nonuniform List<scalar> 2(73.2702 3.05007e-17);
    }
    empty1
    {
        type            empty;
        value           nonuniform List<scalar> 0();
    }
    empty2
    {
        type            empty;
        value           nonuniform List<scalar> 0();
    }
}


// ************************************************************************* //
