/*--------------------------------*- C++ -*----------------------------------*\
| =========                 |                                                 |
| \\      /  F ield         | OpenFOAM: The Open Source CFD Toolbox           |
|  \\    /   O peration     | Version:  2312                                  |
|   \\  /    A nd           | Website:  www.openfoam.com                      |
|    \\/     M anipulation  |                                                 |
\*---------------------------------------------------------------------------*/
FoamFile
{
    version     2.0;
    format      ascii;
    arch        "LSB;label=32;scalar=64";
    class       volScalarField;
    location    "5e-05";
    object      rho;
}
// * * * * * * * * * * * * * * * * * * * * * * * * * * * * * * * * * * * * * //

dimensions      [1 -3 0 0 0 0 0];

internalField   nonuniform List<scalar> 
800
(
11.8858
11.8858
11.8858
11.8858
11.8858
11.8858
11.8858
11.8858
11.8858
11.8858
11.8858
11.8858
11.8858
11.8858
11.8858
11.8858
11.8858
11.8858
11.8858
11.8858
11.8858
11.8858
11.8858
11.8858
11.8858
11.8858
11.8858
11.8858
11.8858
11.8858
11.8858
11.8858
11.8858
11.8858
11.8858
11.8858
11.8858
11.8858
11.8858
11.8858
11.8858
11.8858
11.8858
11.8858
11.8858
11.8858
11.8858
11.8858
11.8858
11.8858
11.8858
11.8858
11.8858
11.8858
11.8858
11.8858
11.8858
11.8858
11.8858
11.8858
11.8858
11.8858
11.8858
11.8858
11.8858
11.8858
11.8858
11.8858
11.8858
11.8858
11.8858
11.8858
11.8858
11.8858
11.8858
11.8858
11.8858
11.8858
11.8858
11.8858
11.8858
11.8858
11.8858
11.8858
11.8858
11.8858
11.8858
11.8858
11.8858
11.8858
11.8858
11.8858
11.8858
11.8858
11.8858
11.8858
11.8858
11.8858
11.8858
11.8858
11.8858
11.8858
11.8858
11.8858
11.8858
11.8858
11.8858
11.8858
11.8858
11.8858
11.8858
11.8858
11.8858
11.8858
11.8858
11.8858
11.8858
11.8858
11.8858
11.8858
11.8858
11.8858
11.8858
11.8858
11.8858
11.8858
11.8858
11.8858
11.8858
11.8858
11.8858
11.8858
11.8858
11.8858
11.8858
11.8858
11.8858
11.8858
11.8858
11.8858
11.8858
11.8858
11.8858
11.8858
11.8858
11.8858
11.8858
11.8858
11.8858
11.8858
11.8858
11.8858
11.8858
11.8858
11.8858
11.8858
11.8858
11.8858
11.8858
11.8858
11.8858
11.8858
11.8858
11.8858
11.8858
11.8858
11.8858
11.8858
11.8858
11.8858
11.8858
11.8858
11.8858
11.8858
11.8858
11.8858
11.8858
11.8858
11.8858
11.8858
11.8858
11.8858
11.8858
11.8858
11.8858
11.8858
11.8858
11.8858
11.8858
11.8858
11.8858
11.8858
11.8858
11.8858
11.8858
11.8858
11.8858
11.8858
11.8858
11.8858
11.8858
11.8858
11.8858
11.8858
11.8858
11.8858
11.8858
11.8858
11.8858
11.8858
11.8858
11.8858
11.8858
11.8858
11.8858
11.8858
11.8858
11.8858
11.8858
11.8858
11.8858
11.8858
11.8858
11.8858
11.8858
11.8858
11.8858
11.8858
11.8858
11.8858
11.8858
11.8858
11.8858
11.8858
11.8858
11.8858
11.8858
11.8858
11.8858
11.8858
11.8858
11.8858
11.8858
11.8858
11.8858
11.8858
11.8858
11.8858
11.8858
11.8858
11.8858
11.8858
11.8858
11.8858
11.8858
11.8858
11.8858
11.8858
11.8858
11.8858
11.8858
11.8858
11.8858
11.8858
11.8858
11.8858
11.8858
11.8858
11.8858
11.8858
11.8858
11.8858
11.8858
11.8858
11.8858
11.8858
11.8858
11.8858
11.8858
11.8858
11.8858
11.8858
11.8858
11.8858
11.8858
11.8858
11.8858
11.8858
11.8858
11.8858
11.8858
11.8858
11.8858
11.8858
11.8858
11.8858
11.8858
11.8858
11.8858
11.8858
11.8858
11.8858
11.8858
11.8858
11.8858
11.8858
11.8858
11.8858
11.8858
11.8858
11.8858
11.8858
11.8858
11.8858
11.8858
11.8858
11.8858
11.8858
11.8858
11.8858
11.8858
11.8858
11.8858
11.8858
11.8858
11.8858
11.8858
11.8858
11.8858
11.8858
11.8858
11.8858
11.8858
11.8858
11.8858
11.8858
11.8858
11.8858
11.8858
11.8858
11.8858
11.8858
11.8858
11.8858
11.8858
11.8858
11.8858
11.8858
11.8858
11.8858
11.8858
11.8858
11.8858
11.8858
11.8857
11.8855
11.8848
11.8829
11.8788
11.8705
11.8537
11.8218
11.7652
11.6711
11.5257
11.3168
11.0377
10.6891
10.2793
9.82497
9.34649
8.86673
8.37541
7.90731
7.43733
7.00172
6.56247
6.15778
5.78062
5.45713
5.18704
5.01385
4.8505
4.8187
4.63967
4.65843
4.37798
4.3329
3.99354
3.77068
3.59261
3.51131
3.21051
2.96046
2.72132
2.56374
2.50124
2.5799
2.90164
3.48631
4.14482
3.33496
3.10595
3.96752
5.91838
11.7601
13.0494
14.657
16.7156
19.4473
23.2464
28.89
38.1524
56.1567
106.339
116.774
129.48
145.288
165.493
192.226
229.26
283.968
372.97
543.23
999.5
999.5
999.5
999.5
999.5
999.5
999.5
999.5
999.5
999.5
999.5
999.5
999.5
999.5
999.5
999.5
999.5
999.5
999.5
999.5
999.5
999.5
999.5
999.5
999.5
999.5
999.5
999.5
999.5
999.5
999.5
999.5
999.5
999.5
999.5
999.5
999.5
999.5
999.5
999.5
999.5
999.5
999.5
999.5
999.5
999.5
999.5
999.5
999.5
999.5
999.5
999.5
999.5
999.5
999.5
999.5
999.5
999.5
999.5
999.5
999.5
999.5
999.5
999.5
999.5
999.5
999.5
999.5
999.5
999.5
999.5
999.5
999.5
999.5
999.5
999.5
999.5
999.5
999.5
999.5
999.5
999.5
999.5
999.5
999.5
999.5
999.5
999.5
999.5
999.5
999.5
999.5
999.5
999.5
999.5
999.5
999.5
999.5
999.5
999.5
999.5
999.5
999.5
999.5
999.5
999.5
999.5
999.5
999.5
999.5
999.5
999.5
999.5
999.5
999.5
999.5
999.5
999.5
999.5
999.5
999.5
999.5
999.5
999.5
999.5
999.5
999.5
999.5
999.5
999.5
999.5
999.5
999.5
999.5
999.5
999.5
999.5
999.5
999.5
999.5
999.5
999.5
999.5
999.5
999.5
999.5
999.5
999.5
999.5
999.5
999.5
999.5
999.5
999.5
999.5
999.5
999.5
999.5
999.5
999.5
999.5
999.5
999.5
999.5
999.5
999.5
999.5
999.5
999.5
999.5
999.5
999.5
999.5
999.5
999.5
999.5
999.5
999.5
999.5
999.5
999.5
999.5
999.5
999.5
999.5
999.5
999.5
999.5
999.5
999.5
999.5
999.5
999.5
999.5
999.5
999.5
999.5
999.5
999.5
999.5
999.5
999.5
999.5
999.5
999.5
999.5
999.5
999.5
999.5
999.5
999.5
999.5
999.5
999.5
999.5
999.5
999.5
999.5
999.5
999.5
999.5
999.5
999.5
999.5
999.5
999.5
999.5
999.5
999.5
999.5
999.5
999.5
999.5
999.5
999.5
999.5
999.5
999.5
999.5
999.5
999.5
999.5
999.5
999.5
999.5
999.5
999.5
999.5
999.5
999.5
999.5
999.5
999.5
999.5
999.5
999.5
999.5
999.5
999.5
999.5
999.5
999.5
999.5
999.5
999.5
999.5
999.5
999.5
999.5
999.5
999.5
999.5
999.5
999.5
999.5
999.5
999.5
999.5
999.5
999.5
999.5
999.5
999.5
999.5
999.5
999.5
999.5
999.5
999.5
999.5
999.5
999.5
999.5
999.5
999.5
999.5
999.5
999.5
999.5
999.5
999.5
999.5
999.5
999.5
999.5
999.5
999.5
999.5
999.5
999.5
999.5
999.5
999.5
999.5
999.5
999.5
999.5
999.5
999.5
999.5
999.5
999.5
999.5
999.5
999.5
999.5
999.5
999.5
999.5
999.5
999.5
999.5
999.5
999.5
999.5
999.5
999.5
999.5
999.5
999.5
999.5
999.5
999.5
999.5
999.5
999.5
999.5
999.5
999.5
999.5
999.5
999.5
999.5
999.5
999.5
999.5
999.5
999.5
999.5
999.5
999.5
999.5
999.5
999.5
999.5
999.5
999.5
999.5
999.5
999.5
999.5
999.5
999.5
999.5
999.5
999.5
)
;

boundaryField
{
    sides
    {
        type            calculated;
        value           nonuniform List<scalar> 2(999.5 11.8858);
    }
    empty1
    {
        type            empty;
    }
    empty2
    {
        type            empty;
    }
}


// ************************************************************************* //
