/*--------------------------------*- C++ -*----------------------------------*\
| =========                 |                                                 |
| \\      /  F ield         | OpenFOAM: The Open Source CFD Toolbox           |
|  \\    /   O peration     | Version:  2312                                  |
|   \\  /    A nd           | Website:  www.openfoam.com                      |
|    \\/     M anipulation  |                                                 |
\*---------------------------------------------------------------------------*/
FoamFile
{
    version     2.0;
    format      ascii;
    arch        "LSB;label=32;scalar=64";
    class       volScalarField;
    location    "5e-05";
    object      rhoHat;
}
// * * * * * * * * * * * * * * * * * * * * * * * * * * * * * * * * * * * * * //

dimensions      [1 -3 0 0 0 0 0];

internalField   nonuniform List<scalar> 
800
(
1.77636e-15
0
0
1.77636e-15
1.77636e-15
0
0
-1.77636e-15
-1.77636e-15
0
0
1.77636e-15
0
0
1.77636e-15
-1.77636e-15
1.77636e-15
-1.77636e-15
1.77636e-15
0
0
0
0
3.55271e-15
3.55271e-15
-1.77636e-15
-1.77636e-15
1.77636e-15
0
0
0
0
1.77636e-15
-1.77636e-15
1.77636e-15
0
0
0
-1.77636e-15
0
1.77636e-15
-1.77636e-15
0
-1.77636e-15
0
-1.77636e-15
1.77636e-15
-1.77636e-15
-1.77636e-15
1.77636e-15
0
1.77636e-15
0
1.77636e-15
0
0
1.77636e-15
0
0
-1.77636e-15
-1.77636e-15
0
0
1.77636e-15
1.77636e-15
1.77636e-15
1.77636e-15
1.77636e-15
1.77636e-15
3.55271e-15
1.77636e-15
0
0
1.77636e-15
-1.77636e-15
0
1.77636e-15
1.77636e-15
0
0
1.77636e-15
0
1.77636e-15
0
0
0
1.77636e-15
1.77636e-15
0
-1.77636e-15
0
0
0
1.77636e-15
1.77636e-15
-1.77636e-15
0
1.77636e-15
0
0
-1.77636e-15
0
1.77636e-15
1.77636e-15
-1.77636e-15
1.77636e-15
0
0
1.77636e-15
0
0
-1.77636e-15
0
1.77636e-15
1.77636e-15
1.77636e-15
0
0
1.77636e-15
1.77636e-15
0
-1.77636e-15
0
1.77636e-15
-1.77636e-15
1.77636e-15
1.77636e-15
0
0
-1.77636e-15
1.77636e-15
-1.77636e-15
0
-1.77636e-15
-1.77636e-15
-1.77636e-15
-1.77636e-15
1.77636e-15
1.77636e-15
0
1.77636e-15
0
1.77636e-15
-1.77636e-15
1.77636e-15
0
0
0
1.77636e-15
0
0
-1.77636e-15
-1.77636e-15
0
0
0
1.77636e-15
0
-1.77636e-15
0
0
0
0
0
0
1.77636e-15
-1.77636e-15
0
0
1.77636e-15
1.77636e-15
3.55271e-15
0
1.77636e-15
-1.77636e-15
1.77636e-15
0
0
-1.77636e-15
0
-1.77636e-15
0
0
0
1.77636e-15
0
-1.77636e-15
-1.77636e-15
-1.77636e-15
1.77636e-15
0
0
0
0
0
1.77636e-15
1.77636e-15
-1.77636e-15
0
-1.77636e-15
0
1.77636e-15
0
0
0
0
1.77636e-15
1.77636e-15
0
0
1.77636e-15
0
0
0
0
1.77636e-15
1.77636e-15
0
1.77636e-15
0
0
0
1.77636e-15
0
0
-1.77636e-15
0
0
-1.77636e-15
1.77636e-15
0
0
1.77636e-15
1.77636e-15
0
0
-1.77636e-15
1.77636e-15
1.77636e-15
0
1.77636e-15
0
0
3.55271e-15
-1.77636e-15
1.77636e-15
-1.77636e-15
1.77636e-15
0
1.77636e-15
-1.77636e-15
1.77636e-15
0
1.77636e-15
0
0
1.77636e-15
0
1.77636e-15
0
0
-1.77636e-15
1.77636e-15
0
0
0
1.77636e-15
0
1.77636e-15
0
0
0
-1.77636e-15
1.77636e-15
0
1.77636e-15
1.77636e-15
0
1.77636e-15
0
1.77636e-15
0
0
0
0
1.77636e-15
-1.77636e-15
0
1.77636e-15
1.77636e-15
0
1.77636e-15
0
1.77636e-15
1.77636e-15
0
1.77636e-15
1.77636e-15
0
1.77636e-15
0
1.77636e-15
0
0
0
0
1.77636e-15
0
1.77636e-15
0
1.77636e-15
0
0
0
1.77636e-15
1.77636e-15
1.77636e-15
0
1.77636e-15
1.77636e-15
0
0
0
1.77636e-15
0
0
0
0
1.77636e-15
0
0
1.77636e-15
1.77636e-15
1.77636e-15
0
1.77636e-15
1.77636e-15
0
1.77636e-15
1.77636e-15
0
-1.77636e-15
1.77636e-15
-1.77636e-15
-1.77636e-15
-3.55271e-15
0
3.55271e-15
1.77636e-15
0
0
0
0
0
0
0
0
0
0
0
-3.55271e-15
0
0
-1.77636e-15
0
0
1.77636e-15
1.77636e-15
0
0
1.77636e-15
0
0
8.88178e-16
-8.88178e-16
8.88178e-16
0
0
0
0
0
1.77636e-15
0
-8.88178e-16
-8.88178e-16
0
0
0
0
0
-4.44089e-16
0
4.44089e-16
0
0
0
2.00421e-05
0.000151964
0.000694463
0.0023871
0.00613442
0.00519361
0.00573285
0.0110155
0.0280321
0.124525
0.155031
0.197731
0.259971
0.355668
0.513605
0.801606
1.41257
3.0919
11.1999
13.5195
16.6384
20.9703
27.236
36.7828
52.3735
80.4324
138.891
294.937
999.451
999.451
999.451
999.451
999.451
999.451
999.451
999.451
999.451
999.451
999.451
999.451
999.451
999.451
999.451
999.451
999.451
999.451
999.451
999.451
999.451
999.451
999.451
999.451
999.451
999.451
999.451
999.451
999.451
999.451
999.451
999.451
999.451
999.451
999.451
999.451
999.451
999.451
999.451
999.451
999.451
999.451
999.451
999.451
999.451
999.451
999.451
999.451
999.451
999.451
999.451
999.451
999.451
999.451
999.451
999.451
999.451
999.451
999.451
999.451
999.451
999.451
999.451
999.451
999.451
999.451
999.451
999.451
999.451
999.451
999.451
999.451
999.451
999.451
999.451
999.451
999.451
999.451
999.451
999.451
999.451
999.451
999.451
999.451
999.451
999.451
999.451
999.451
999.451
999.451
999.451
999.451
999.451
999.451
999.451
999.451
999.451
999.451
999.451
999.451
999.451
999.451
999.451
999.451
999.451
999.451
999.451
999.451
999.451
999.451
999.451
999.451
999.451
999.451
999.451
999.451
999.451
999.451
999.451
999.451
999.451
999.451
999.451
999.451
999.451
999.451
999.451
999.451
999.451
999.451
999.451
999.451
999.451
999.451
999.451
999.451
999.451
999.451
999.451
999.451
999.451
999.451
999.451
999.451
999.451
999.451
999.451
999.451
999.451
999.451
999.451
999.451
999.451
999.451
999.451
999.451
999.451
999.451
999.451
999.451
999.451
999.451
999.451
999.451
999.451
999.451
999.451
999.451
999.451
999.451
999.451
999.451
999.451
999.451
999.451
999.451
999.451
999.451
999.451
999.451
999.451
999.451
999.451
999.451
999.451
999.451
999.451
999.451
999.451
999.451
999.451
999.451
999.451
999.451
999.451
999.451
999.451
999.451
999.451
999.451
999.451
999.451
999.451
999.451
999.451
999.451
999.451
999.451
999.451
999.451
999.451
999.451
999.451
999.451
999.451
999.451
999.451
999.451
999.451
999.451
999.451
999.451
999.451
999.451
999.451
999.451
999.451
999.451
999.451
999.451
999.451
999.451
999.451
999.451
999.451
999.451
999.451
999.451
999.451
999.451
999.451
999.451
999.451
999.451
999.451
999.451
999.451
999.451
999.451
999.451
999.451
999.451
999.451
999.451
999.451
999.451
999.451
999.451
999.451
999.451
999.451
999.451
999.451
999.451
999.451
999.451
999.451
999.451
999.451
999.451
999.451
999.451
999.451
999.451
999.451
999.451
999.451
999.451
999.451
999.451
999.451
999.451
999.451
999.451
999.451
999.451
999.451
999.451
999.451
999.451
999.451
999.451
999.451
999.451
999.451
999.451
999.451
999.451
999.451
999.451
999.451
999.451
999.451
999.451
999.451
999.451
999.451
999.451
999.451
999.451
999.451
999.451
999.451
999.451
999.451
999.451
999.451
999.451
999.451
999.451
999.451
999.451
999.451
999.451
999.451
999.451
999.451
999.451
999.451
999.451
999.451
999.451
999.451
999.451
999.451
999.451
999.451
999.451
999.451
999.451
999.451
999.451
999.451
999.451
999.451
999.451
999.451
999.451
999.451
999.451
999.451
999.451
999.451
999.451
999.451
999.451
999.451
999.451
999.451
999.451
999.451
999.451
999.451
999.451
999.451
999.451
999.451
999.451
999.451
999.451
999.451
999.451
999.451
999.451
999.451
999.451
)
;

boundaryField
{
    sides
    {
        type            calculated;
        value           nonuniform List<scalar> 2(999.451 1.77636e-15);
    }
    empty1
    {
        type            empty;
    }
    empty2
    {
        type            empty;
    }
}


// ************************************************************************* //
