/*--------------------------------*- C++ -*----------------------------------*\
| =========                 |                                                 |
| \\      /  F ield         | OpenFOAM: The Open Source CFD Toolbox           |
|  \\    /   O peration     | Version:  2312                                  |
|   \\  /    A nd           | Website:  www.openfoam.com                      |
|    \\/     M anipulation  |                                                 |
\*---------------------------------------------------------------------------*/
FoamFile
{
    version     2.0;
    format      ascii;
    arch        "LSB;label=32;scalar=64";
    class       volScalarField;
    location    "5e-05";
    object      thermo:psiGasEff;
}
// * * * * * * * * * * * * * * * * * * * * * * * * * * * * * * * * * * * * * //

dimensions      [-2 4 2 0 0 0 0];

internalField   nonuniform List<scalar> 
800
(
8.4134e-08
8.4134e-08
8.4134e-08
8.4134e-08
8.4134e-08
8.41341e-08
8.41341e-08
8.4134e-08
8.4134e-08
8.4134e-08
8.41341e-08
8.4134e-08
8.41341e-08
8.41341e-08
8.4134e-08
8.4134e-08
8.4134e-08
8.4134e-08
8.4134e-08
8.4134e-08
8.4134e-08
8.4134e-08
8.4134e-08
8.41341e-08
8.41341e-08
8.4134e-08
8.4134e-08
8.4134e-08
8.41341e-08
8.41341e-08
8.4134e-08
8.41341e-08
8.4134e-08
8.4134e-08
8.4134e-08
8.41341e-08
8.4134e-08
8.4134e-08
8.4134e-08
8.4134e-08
8.4134e-08
8.4134e-08
8.4134e-08
8.4134e-08
8.4134e-08
8.4134e-08
8.4134e-08
8.4134e-08
8.4134e-08
8.4134e-08
8.41341e-08
8.4134e-08
8.4134e-08
8.4134e-08
8.4134e-08
8.41341e-08
8.4134e-08
8.4134e-08
8.4134e-08
8.4134e-08
8.4134e-08
8.4134e-08
8.4134e-08
8.4134e-08
8.4134e-08
8.4134e-08
8.41341e-08
8.4134e-08
8.4134e-08
8.41341e-08
8.4134e-08
8.4134e-08
8.4134e-08
8.4134e-08
8.4134e-08
8.41341e-08
8.4134e-08
8.4134e-08
8.41341e-08
8.4134e-08
8.4134e-08
8.4134e-08
8.4134e-08
8.41341e-08
8.4134e-08
8.4134e-08
8.4134e-08
8.4134e-08
8.4134e-08
8.4134e-08
8.4134e-08
8.41341e-08
8.4134e-08
8.4134e-08
8.4134e-08
8.4134e-08
8.41341e-08
8.4134e-08
8.41341e-08
8.4134e-08
8.4134e-08
8.4134e-08
8.4134e-08
8.4134e-08
8.4134e-08
8.4134e-08
8.4134e-08
8.41341e-08
8.4134e-08
8.4134e-08
8.4134e-08
8.4134e-08
8.4134e-08
8.4134e-08
8.4134e-08
8.4134e-08
8.4134e-08
8.4134e-08
8.4134e-08
8.4134e-08
8.4134e-08
8.4134e-08
8.4134e-08
8.4134e-08
8.4134e-08
8.4134e-08
8.4134e-08
8.4134e-08
8.41341e-08
8.4134e-08
8.4134e-08
8.4134e-08
8.41341e-08
8.4134e-08
8.4134e-08
8.4134e-08
8.4134e-08
8.4134e-08
8.4134e-08
8.4134e-08
8.4134e-08
8.41341e-08
8.4134e-08
8.4134e-08
8.4134e-08
8.41341e-08
8.4134e-08
8.4134e-08
8.4134e-08
8.4134e-08
8.4134e-08
8.4134e-08
8.4134e-08
8.4134e-08
8.41341e-08
8.4134e-08
8.4134e-08
8.41341e-08
8.4134e-08
8.41341e-08
8.4134e-08
8.4134e-08
8.4134e-08
8.4134e-08
8.4134e-08
8.4134e-08
8.4134e-08
8.41341e-08
8.4134e-08
8.4134e-08
8.4134e-08
8.41341e-08
8.4134e-08
8.4134e-08
8.4134e-08
8.4134e-08
8.41341e-08
8.4134e-08
8.4134e-08
8.4134e-08
8.4134e-08
8.41341e-08
8.4134e-08
8.41341e-08
8.4134e-08
8.4134e-08
8.4134e-08
8.4134e-08
8.4134e-08
8.4134e-08
8.4134e-08
8.4134e-08
8.4134e-08
8.4134e-08
8.4134e-08
8.4134e-08
8.4134e-08
8.4134e-08
8.4134e-08
8.4134e-08
8.41341e-08
8.4134e-08
8.4134e-08
8.4134e-08
8.4134e-08
8.4134e-08
8.4134e-08
8.4134e-08
8.4134e-08
8.41341e-08
8.4134e-08
8.4134e-08
8.4134e-08
8.4134e-08
8.4134e-08
8.4134e-08
8.4134e-08
8.41341e-08
8.4134e-08
8.4134e-08
8.4134e-08
8.4134e-08
8.4134e-08
8.4134e-08
8.4134e-08
8.4134e-08
8.41341e-08
8.4134e-08
8.4134e-08
8.4134e-08
8.4134e-08
8.41341e-08
8.4134e-08
8.4134e-08
8.41341e-08
8.4134e-08
8.4134e-08
8.4134e-08
8.4134e-08
8.41341e-08
8.4134e-08
8.4134e-08
8.41341e-08
8.41341e-08
8.4134e-08
8.4134e-08
8.4134e-08
8.4134e-08
8.4134e-08
8.4134e-08
8.4134e-08
8.4134e-08
8.41341e-08
8.4134e-08
8.4134e-08
8.4134e-08
8.4134e-08
8.4134e-08
8.4134e-08
8.41341e-08
8.4134e-08
8.4134e-08
8.4134e-08
8.4134e-08
8.4134e-08
8.4134e-08
8.4134e-08
8.4134e-08
8.4134e-08
8.4134e-08
8.4134e-08
8.4134e-08
8.4134e-08
8.4134e-08
8.4134e-08
8.4134e-08
8.4134e-08
8.4134e-08
8.4134e-08
8.4134e-08
8.4134e-08
8.4134e-08
8.4134e-08
8.4134e-08
8.4134e-08
8.4134e-08
8.4134e-08
8.4134e-08
8.4134e-08
8.4134e-08
8.4134e-08
8.4134e-08
8.41341e-08
8.4134e-08
8.4134e-08
8.4134e-08
8.4134e-08
8.4134e-08
8.4134e-08
8.4134e-08
8.4134e-08
8.4134e-08
8.4134e-08
8.4134e-08
8.41341e-08
8.4134e-08
8.4134e-08
8.4134e-08
8.4134e-08
8.4134e-08
8.4134e-08
8.4134e-08
8.4134e-08
8.4134e-08
8.4134e-08
8.4134e-08
8.4134e-08
8.4134e-08
8.4134e-08
8.4134e-08
8.4134e-08
8.4134e-08
8.41341e-08
8.4134e-08
8.41341e-08
8.4134e-08
8.4134e-08
8.4134e-08
8.4134e-08
8.41341e-08
8.4134e-08
8.4134e-08
8.4134e-08
8.4134e-08
8.4134e-08
8.4134e-08
8.4134e-08
8.41341e-08
8.4134e-08
8.4134e-08
8.41341e-08
8.4134e-08
8.4134e-08
8.4134e-08
8.41341e-08
8.41341e-08
8.41341e-08
8.41341e-08
8.41341e-08
8.41341e-08
8.41341e-08
8.41341e-08
8.41341e-08
8.41342e-08
8.4135e-08
8.41384e-08
8.41522e-08
8.4192e-08
8.42706e-08
8.44306e-08
8.47497e-08
8.53515e-08
8.64216e-08
8.82152e-08
9.10531e-08
9.53065e-08
1.01376e-07
1.09672e-07
1.20617e-07
1.34553e-07
1.51741e-07
1.72267e-07
1.97406e-07
2.26646e-07
2.62192e-07
3.03029e-07
3.5322e-07
4.10841e-07
4.7626e-07
5.43689e-07
6.08553e-07
6.55412e-07
6.99285e-07
7.02721e-07
7.55171e-07
7.2918e-07
8.13823e-07
7.91949e-07
9.01616e-07
9.56316e-07
1.01018e-06
9.83664e-07
1.09221e-06
1.18171e-06
1.28651e-06
1.37346e-06
1.41621e-06
1.39141e-06
1.29101e-06
1.25745e-06
1.51992e-06
3.63882e-06
7.41195e-06
8.31039e-06
8.40623e-06
8.40705e-06
8.41344e-06
8.41311e-06
8.41339e-06
8.4134e-06
8.4134e-06
8.4134e-06
8.4134e-06
8.41341e-06
8.41341e-06
8.41341e-06
8.41341e-06
8.4134e-06
8.4134e-06
8.4134e-06
8.4134e-06
8.4134e-06
8.4134e-06
8.4134e-06
8.4134e-06
8.4134e-06
8.4134e-06
8.4134e-06
8.4134e-06
8.4134e-06
8.4134e-06
8.4134e-06
8.4134e-06
8.4134e-06
8.4134e-06
8.4134e-06
8.4134e-06
8.4134e-06
8.41339e-06
8.41339e-06
8.41339e-06
8.41339e-06
8.41339e-06
8.41339e-06
8.41339e-06
8.41339e-06
8.41339e-06
8.41339e-06
8.41339e-06
8.41339e-06
8.41339e-06
8.41338e-06
8.41338e-06
8.41338e-06
8.41338e-06
8.41338e-06
8.41338e-06
8.41338e-06
8.41338e-06
8.41338e-06
8.41338e-06
8.41338e-06
8.41338e-06
8.41338e-06
8.41338e-06
8.41338e-06
8.41338e-06
8.41338e-06
8.41338e-06
8.41338e-06
8.41338e-06
8.41337e-06
8.41337e-06
8.41337e-06
8.41337e-06
8.41337e-06
8.41337e-06
8.41337e-06
8.41337e-06
8.41337e-06
8.41337e-06
8.41337e-06
8.41337e-06
8.41337e-06
8.41337e-06
8.41337e-06
8.41337e-06
8.41337e-06
8.41337e-06
8.41337e-06
8.41337e-06
8.41337e-06
8.41337e-06
8.41337e-06
8.41337e-06
8.41337e-06
8.41337e-06
8.41337e-06
8.41337e-06
8.41337e-06
8.41338e-06
8.41338e-06
8.41338e-06
8.41337e-06
8.41337e-06
8.41337e-06
8.41337e-06
8.41337e-06
8.41337e-06
8.41337e-06
8.41338e-06
8.41338e-06
8.41338e-06
8.41338e-06
8.41338e-06
8.41338e-06
8.41338e-06
8.41338e-06
8.41338e-06
8.41338e-06
8.41338e-06
8.41338e-06
8.41338e-06
8.41338e-06
8.41338e-06
8.41338e-06
8.41338e-06
8.41338e-06
8.41338e-06
8.41338e-06
8.41338e-06
8.41338e-06
8.41338e-06
8.41338e-06
8.41338e-06
8.41338e-06
8.41338e-06
8.41338e-06
8.41338e-06
8.41338e-06
8.41338e-06
8.41338e-06
8.41338e-06
8.41338e-06
8.41338e-06
8.41338e-06
8.41338e-06
8.41338e-06
8.41338e-06
8.41338e-06
8.41338e-06
8.41338e-06
8.41338e-06
8.41338e-06
8.41338e-06
8.41338e-06
8.41338e-06
8.41338e-06
8.41338e-06
8.41338e-06
8.41338e-06
8.41338e-06
8.41338e-06
8.41338e-06
8.41338e-06
8.41338e-06
8.41338e-06
8.41338e-06
8.41338e-06
8.41338e-06
8.41338e-06
8.41338e-06
8.41338e-06
8.41338e-06
8.41338e-06
8.41338e-06
8.41338e-06
8.41338e-06
8.41338e-06
8.41338e-06
8.41338e-06
8.41338e-06
8.41338e-06
8.41338e-06
8.41338e-06
8.41338e-06
8.41338e-06
8.41338e-06
8.41338e-06
8.41338e-06
8.41338e-06
8.41338e-06
8.41338e-06
8.41338e-06
8.41338e-06
8.41338e-06
8.41338e-06
8.41338e-06
8.41338e-06
8.41338e-06
8.41338e-06
8.41338e-06
8.41338e-06
8.41338e-06
8.41338e-06
8.41338e-06
8.41338e-06
8.41338e-06
8.41338e-06
8.41338e-06
8.41338e-06
8.41338e-06
8.41338e-06
8.41338e-06
8.41338e-06
8.41338e-06
8.41338e-06
8.41338e-06
8.41338e-06
8.41338e-06
8.41338e-06
8.41338e-06
8.41338e-06
8.41338e-06
8.41338e-06
8.41338e-06
8.41338e-06
8.41338e-06
8.41338e-06
8.41338e-06
8.41338e-06
8.41338e-06
8.41338e-06
8.41338e-06
8.41338e-06
8.41338e-06
8.41338e-06
8.41338e-06
8.41338e-06
8.41338e-06
8.41338e-06
8.41338e-06
8.41338e-06
8.41338e-06
8.41338e-06
8.41338e-06
8.41338e-06
8.41338e-06
8.41338e-06
8.41338e-06
8.41338e-06
8.41338e-06
8.41338e-06
8.41338e-06
8.41338e-06
8.41338e-06
8.41338e-06
8.41338e-06
8.41338e-06
8.41338e-06
8.41338e-06
8.41338e-06
8.41338e-06
8.41338e-06
8.41338e-06
8.41338e-06
8.41338e-06
8.41338e-06
8.41338e-06
8.41338e-06
8.41338e-06
8.41338e-06
8.41338e-06
8.41338e-06
8.41339e-06
8.41339e-06
8.41339e-06
8.41339e-06
8.41339e-06
8.41339e-06
8.41338e-06
8.41338e-06
8.41339e-06
8.41339e-06
8.41339e-06
8.41339e-06
8.41339e-06
8.41339e-06
8.41338e-06
8.41338e-06
8.41338e-06
8.41338e-06
8.41338e-06
8.41338e-06
8.41339e-06
8.41339e-06
8.41339e-06
8.41339e-06
8.41339e-06
8.41339e-06
8.41339e-06
8.41339e-06
8.41339e-06
8.41339e-06
8.41339e-06
8.41339e-06
8.41339e-06
8.41339e-06
8.41339e-06
8.41339e-06
8.41339e-06
8.41339e-06
8.41339e-06
8.41339e-06
8.41339e-06
8.41339e-06
8.41339e-06
8.41339e-06
8.41339e-06
8.41339e-06
8.41339e-06
8.41339e-06
8.41338e-06
8.41338e-06
8.41338e-06
8.41338e-06
8.41338e-06
8.41338e-06
8.41338e-06
8.41338e-06
8.41338e-06
8.41338e-06
8.41338e-06
8.41338e-06
8.41338e-06
8.41338e-06
8.41338e-06
8.41338e-06
8.41338e-06
8.41339e-06
8.41338e-06
8.41338e-06
8.41338e-06
8.41338e-06
8.41338e-06
8.41338e-06
8.41339e-06
8.41339e-06
8.41339e-06
8.41339e-06
8.41339e-06
8.41339e-06
8.41339e-06
8.41339e-06
8.41339e-06
8.41339e-06
8.41339e-06
8.41339e-06
8.41339e-06
8.41339e-06
8.41339e-06
8.41339e-06
8.41339e-06
8.41339e-06
8.41339e-06
8.41339e-06
8.41339e-06
8.41339e-06
8.41339e-06
8.41339e-06
8.41339e-06
8.41338e-06
8.41338e-06
8.41338e-06
8.41338e-06
8.41338e-06
8.41338e-06
8.41338e-06
8.41339e-06
8.41339e-06
8.41339e-06
8.41339e-06
8.41339e-06
8.41339e-06
8.41339e-06
8.41339e-06
8.41339e-06
8.41339e-06
8.41339e-06
8.41338e-06
8.41338e-06
8.41338e-06
8.41338e-06
8.41338e-06
8.41338e-06
8.41338e-06
8.41338e-06
8.41338e-06
8.41338e-06
8.41338e-06
)
;

boundaryField
{
    sides
    {
        type            calculated;
        value           nonuniform List<scalar> 2(8.41338e-06 8.4134e-08);
    }
    empty1
    {
        type            empty;
    }
    empty2
    {
        type            empty;
    }
}


// ************************************************************************* //
