/*--------------------------------*- C++ -*----------------------------------*\
| =========                 |                                                 |
| \\      /  F ield         | OpenFOAM: The Open Source CFD Toolbox           |
|  \\    /   O peration     | Version:  2312                                  |
|   \\  /    A nd           | Website:  www.openfoam.com                      |
|    \\/     M anipulation  |                                                 |
\*---------------------------------------------------------------------------*/
FoamFile
{
    version     2.0;
    format      ascii;
    arch        "LSB;label=32;scalar=64";
    class       surfaceScalarField;
    location    "5e-05";
    object      aSf;
}
// * * * * * * * * * * * * * * * * * * * * * * * * * * * * * * * * * * * * * //

dimensions      [0 3 -1 0 0 0 0];

oriented        oriented;

internalField   nonuniform List<scalar> 
799
(
-0.0171704
-0.0171704
-0.0171704
-0.0171704
-0.0171704
-0.0171704
-0.0171704
-0.0171704
-0.0171704
-0.0171704
-0.0171704
-0.0171704
-0.0171704
-0.0171704
-0.0171704
-0.0171704
-0.0171704
-0.0171704
-0.0171704
-0.0171704
-0.0171704
-0.0171704
-0.0171704
-0.0171704
-0.0171704
-0.0171704
-0.0171704
-0.0171704
-0.0171704
-0.0171704
-0.0171704
-0.0171704
-0.0171704
-0.0171704
-0.0171704
-0.0171704
-0.0171704
-0.0171704
-0.0171704
-0.0171704
-0.0171704
-0.0171704
-0.0171704
-0.0171704
-0.0171704
-0.0171704
-0.0171704
-0.0171704
-0.0171704
-0.0171704
-0.0171704
-0.0171704
-0.0171704
-0.0171704
-0.0171704
-0.0171704
-0.0171704
-0.0171704
-0.0171704
-0.0171704
-0.0171704
-0.0171704
-0.0171704
-0.0171704
-0.0171704
-0.0171704
-0.0171704
-0.0171704
-0.0171704
-0.0171704
-0.0171704
-0.0171704
-0.0171704
-0.0171704
-0.0171704
-0.0171704
-0.0171704
-0.0171704
-0.0171704
-0.0171704
-0.0171704
-0.0171704
-0.0171704
-0.0171704
-0.0171704
-0.0171704
-0.0171704
-0.0171704
-0.0171704
-0.0171704
-0.0171704
-0.0171704
-0.0171704
-0.0171704
-0.0171704
-0.0171704
-0.0171704
-0.0171704
-0.0171704
-0.0171704
-0.0171704
-0.0171704
-0.0171704
-0.0171704
-0.0171704
-0.0171704
-0.0171704
-0.0171704
-0.0171704
-0.0171704
-0.0171704
-0.0171704
-0.0171704
-0.0171704
-0.0171704
-0.0171704
-0.0171704
-0.0171704
-0.0171704
-0.0171704
-0.0171704
-0.0171704
-0.0171704
-0.0171704
-0.0171704
-0.0171704
-0.0171704
-0.0171704
-0.0171704
-0.0171704
-0.0171704
-0.0171704
-0.0171704
-0.0171704
-0.0171704
-0.0171704
-0.0171704
-0.0171704
-0.0171704
-0.0171704
-0.0171704
-0.0171704
-0.0171704
-0.0171704
-0.0171704
-0.0171704
-0.0171704
-0.0171704
-0.0171704
-0.0171704
-0.0171704
-0.0171704
-0.0171704
-0.0171704
-0.0171704
-0.0171704
-0.0171704
-0.0171704
-0.0171704
-0.0171704
-0.0171704
-0.0171704
-0.0171704
-0.0171704
-0.0171704
-0.0171704
-0.0171704
-0.0171704
-0.0171704
-0.0171704
-0.0171704
-0.0171704
-0.0171704
-0.0171704
-0.0171704
-0.0171704
-0.0171704
-0.0171704
-0.0171704
-0.0171704
-0.0171704
-0.0171704
-0.0171704
-0.0171704
-0.0171704
-0.0171704
-0.0171704
-0.0171704
-0.0171704
-0.0171704
-0.0171704
-0.0171704
-0.0171704
-0.0171704
-0.0171704
-0.0171704
-0.0171704
-0.0171704
-0.0171704
-0.0171704
-0.0171704
-0.0171704
-0.0171704
-0.0171704
-0.0171704
-0.0171704
-0.0171704
-0.0171704
-0.0171704
-0.0171704
-0.0171704
-0.0171704
-0.0171704
-0.0171704
-0.0171704
-0.0171704
-0.0171704
-0.0171704
-0.0171704
-0.0171704
-0.0171704
-0.0171704
-0.0171704
-0.0171704
-0.0171704
-0.0171704
-0.0171704
-0.0171704
-0.0171704
-0.0171704
-0.0171704
-0.0171704
-0.0171704
-0.0171704
-0.0171704
-0.0171704
-0.0171704
-0.0171704
-0.0171704
-0.0171704
-0.0171704
-0.0171704
-0.0171704
-0.0171704
-0.0171704
-0.0171704
-0.0171704
-0.0171704
-0.0171704
-0.0171704
-0.0171704
-0.0171704
-0.0171704
-0.0171704
-0.0171704
-0.0171704
-0.0171704
-0.0171704
-0.0171704
-0.0171704
-0.0171704
-0.0171704
-0.0171704
-0.0171704
-0.0171704
-0.0171704
-0.0171704
-0.0171704
-0.0171704
-0.0171704
-0.0171704
-0.0171704
-0.0171704
-0.0171704
-0.0171704
-0.0171704
-0.0171704
-0.0171704
-0.0171704
-0.0171704
-0.0171704
-0.0171704
-0.0171704
-0.0171704
-0.0171704
-0.0171704
-0.0171704
-0.0171704
-0.0171704
-0.0171704
-0.0171704
-0.0171704
-0.0171704
-0.0171704
-0.0171704
-0.0171704
-0.0171704
-0.0171704
-0.0171704
-0.0171704
-0.0171704
-0.0171704
-0.0171704
-0.0171704
-0.0171704
-0.0171704
-0.0171704
-0.0171704
-0.0171704
-0.0171704
-0.0171704
-0.0171704
-0.0171704
-0.0171704
-0.0171704
-0.0171704
-0.0171704
-0.0171704
-0.0171704
-0.0171704
-0.0171704
-0.0171704
-0.0171704
-0.0171704
-0.0171704
-0.0171704
-0.0171704
-0.0171704
-0.0171704
-0.0171704
-0.0171704
-0.0171704
-0.0171704
-0.0171704
-0.0171704
-0.0171704
-0.0171704
-0.0171704
-0.0171704
-0.0171704
-0.0171704
-0.0171704
-0.0171704
-0.0171704
-0.0171704
-0.0171704
-0.0171704
-0.0171704
-0.0171704
-0.0171704
-0.0171704
-0.0171704
-0.0171704
-0.0171704
-0.0171704
-0.0171704
-0.01717
-0.0171686
-0.0171666
-0.0171625
-0.0171541
-0.0171384
-0.0171101
-0.0170618
-0.0169824
-0.0168571
-0.0166678
-0.016394
-0.016019
-0.0155298
-0.0149268
-0.0141926
-0.0133214
-0.0123041
-0.0111454
-0.00982837
-0.00836223
-0.00679345
-0.0052245
-0.00379161
-0.00266416
-0.00189532
-0.00168204
-0.00172843
-0.00151661
-0.00206408
-0.00161474
-0.00270658
-0.00252756
-0.00363907
-0.00429928
-0.00537952
-0.0065192
-0.0074163
-0.00771973
-0.00831937
-0.00733675
-0.00644801
-0.0104554
-0.0134007
-0.0700007
-0.0733324
-0.0733324
-0.073323
-0.0733199
-0.0733192
-0.0733169
-0.0733168
-0.0733155
-0.0733156
-0.0733144
-0.0733147
-0.0733137
-0.0733126
-0.0733111
-0.0733107
-0.0733105
-0.0733104
-0.0733104
-0.0733104
-0.0733102
-0.0733104
-0.0733104
-0.0733102
-0.0733102
-0.0733102
-0.0733104
-0.0733104
-0.0733104
-0.0733104
-0.0733104
-0.0733104
-0.0733104
-0.0733102
-0.0733104
-0.0733104
-0.0733102
-0.0733104
-0.0733104
-0.0733104
-0.0733102
-0.0733104
-0.0733104
-0.0733104
-0.0733104
-0.0733102
-0.0733104
-0.0733104
-0.0733102
-0.0733102
-0.0733102
-0.0733104
-0.0733104
-0.0733104
-0.0733104
-0.0733104
-0.0733104
-0.0733104
-0.0733104
-0.0733104
-0.0733104
-0.0733102
-0.0733104
-0.0733104
-0.0733104
-0.0733102
-0.0733103
-0.0733104
-0.0733104
-0.0733104
-0.0733104
-0.0733104
-0.0733104
-0.0733104
-0.0733102
-0.0733102
-0.0733104
-0.0733104
-0.0733104
-0.0733104
-0.0733104
-0.0733104
-0.0733104
-0.0733104
-0.0733104
-0.0733104
-0.0733104
-0.0733102
-0.0733104
-0.0733104
-0.0733104
-0.0733104
-0.0733104
-0.0733104
-0.0733104
-0.0733104
-0.0733104
-0.0733104
-0.0733104
-0.0733104
-0.0733104
-0.0733104
-0.0733104
-0.0733104
-0.0733104
-0.0733104
-0.0733104
-0.0733104
-0.0733104
-0.0733104
-0.0733104
-0.0733104
-0.0733104
-0.0733104
-0.0733104
-0.0733104
-0.0733104
-0.0733104
-0.0733104
-0.0733104
-0.0733102
-0.0733104
-0.0733104
-0.0733104
-0.0733103
-0.0733104
-0.0733104
-0.0733104
-0.0733104
-0.0733104
-0.0733104
-0.0733104
-0.0733102
-0.0733104
-0.0733104
-0.0733104
-0.0733104
-0.0733104
-0.0733104
-0.0733104
-0.0733104
-0.0733104
-0.0733104
-0.0733104
-0.0733104
-0.0733104
-0.0733104
-0.0733104
-0.0733104
-0.0733104
-0.0733104
-0.0733104
-0.0733104
-0.0733104
-0.0733104
-0.0733104
-0.0733104
-0.0733104
-0.0733104
-0.0733104
-0.0733104
-0.0733102
-0.0733104
-0.0733104
-0.0733104
-0.0733104
-0.0733102
-0.0733104
-0.0733104
-0.0733104
-0.0733104
-0.0733104
-0.0733104
-0.0733104
-0.0733103
-0.0733104
-0.0733104
-0.0733104
-0.0733104
-0.0733104
-0.0733104
-0.0733104
-0.0733102
-0.0733104
-0.0733104
-0.0733104
-0.0733104
-0.0733104
-0.0733104
-0.0733104
-0.0733104
-0.0733104
-0.0733104
-0.0733104
-0.0733104
-0.0733104
-0.0733104
-0.0733104
-0.0733103
-0.0733103
-0.0733104
-0.0733104
-0.0733104
-0.0733104
-0.0733104
-0.0733104
-0.0733104
-0.0733104
-0.0733104
-0.0733104
-0.0733104
-0.0733104
-0.0733104
-0.0733104
-0.0733104
-0.0733104
-0.0733104
-0.0733104
-0.0733104
-0.0733104
-0.0733104
-0.0733104
-0.0733104
-0.0733104
-0.0733103
-0.0733102
-0.0733104
-0.0733104
-0.0733104
-0.0733104
-0.0733104
-0.0733104
-0.0733104
-0.0733104
-0.0733104
-0.0733104
-0.0733104
-0.0733104
-0.0733104
-0.0733104
-0.0733104
-0.0733104
-0.0733104
-0.0733104
-0.0733104
-0.0733104
-0.0733104
-0.0733104
-0.0733104
-0.0733104
-0.0733104
-0.0733104
-0.0733104
-0.0733102
-0.0733102
-0.0733104
-0.0733104
-0.0733104
-0.0733104
-0.0733104
-0.0733104
-0.0733104
-0.0733104
-0.0733104
-0.0733104
-0.0733104
-0.0733104
-0.0733104
-0.0733104
-0.0733104
-0.0733104
-0.0733104
-0.0733104
-0.0733104
-0.0733104
-0.0733104
-0.0733104
-0.0733104
-0.0733104
-0.0733102
-0.0733104
-0.0733104
-0.0733104
-0.0733104
-0.0733104
-0.0733104
-0.0733104
-0.0733104
-0.0733104
-0.0733104
-0.0733104
-0.0733103
-0.0733104
-0.0733104
-0.0733103
-0.0733104
-0.0733104
-0.0733104
-0.0733104
-0.0733104
-0.0733104
-0.0733104
-0.0733104
-0.0733104
-0.0733104
-0.0733104
-0.0733104
-0.0733104
-0.0733104
-0.0733104
-0.0733104
-0.0733104
-0.0733104
-0.0733104
-0.0733104
-0.0733104
-0.0733104
-0.0733104
-0.0733104
-0.0733104
-0.0733104
-0.0733104
-0.0733104
-0.0733104
-0.0733104
-0.0733104
-0.0733104
-0.0733104
-0.0733104
-0.0733104
-0.0733104
-0.0733104
-0.0733104
-0.0733104
-0.0733104
-0.0733104
-0.0733104
-0.0733104
-0.0733104
-0.0733104
-0.0733104
-0.0733104
-0.0733104
-0.0733104
-0.0733104
-0.0733104
-0.0733104
-0.0733104
-0.0733104
-0.0733104
-0.0733104
-0.0733104
-0.0733104
-0.0733104
-0.0733104
-0.0733104
-0.0733104
-0.0733104
-0.0733104
-0.0733104
-0.0733104
-0.0733104
-0.0733104
-0.0733104
-0.0733104
-0.0733104
-0.0733104
-0.0733104
-0.0733104
-0.0733104
-0.0733104
-0.0733104
-0.0733104
-0.0733104
-0.0733104
-0.0733102
-0.0733104
-0.0733104
-0.0733104
-0.0733103
-0.0733103
-0.0733104
-0.0733104
-0.0733104
-0.0733104
-0.0733104
-0.0733104
-0.0733104
-0.0733104
-0.0733104
-0.0733104
-0.0733104
-0.0733104
-0.0733104
-0.0733104
-0.0733104
-0.0733104
-0.0733104
-0.0733104
)
;

boundaryField
{
    sides
    {
        type            calculated;
        value           nonuniform List<scalar> 2(-0.0733104 -0.0171704);
    }
    empty1
    {
        type            empty;
        value           nonuniform List<scalar> 0();
    }
    empty2
    {
        type            empty;
        value           nonuniform List<scalar> 0();
    }
}


// ************************************************************************* //
