/*--------------------------------*- C++ -*----------------------------------*\
| =========                 |                                                 |
| \\      /  F ield         | OpenFOAM: The Open Source CFD Toolbox           |
|  \\    /   O peration     | Version:  2312                                  |
|   \\  /    A nd           | Website:  www.openfoam.com                      |
|    \\/     M anipulation  |                                                 |
\*---------------------------------------------------------------------------*/
FoamFile
{
    version     2.0;
    format      ascii;
    arch        "LSB;label=32;scalar=64";
    class       volScalarField;
    location    "5e-05";
    object      cSound;
}
// * * * * * * * * * * * * * * * * * * * * * * * * * * * * * * * * * * * * * //

dimensions      [0 1 -1 0 0 0 0];

internalField   nonuniform List<scalar> 
800
(
343.407
343.407
343.407
343.407
343.407
343.407
343.407
343.407
343.407
343.407
343.407
343.407
343.407
343.407
343.407
343.407
343.407
343.407
343.407
343.407
343.407
343.407
343.407
343.407
343.407
343.407
343.407
343.407
343.407
343.407
343.407
343.407
343.407
343.407
343.407
343.407
343.407
343.407
343.407
343.407
343.407
343.407
343.407
343.407
343.407
343.407
343.407
343.407
343.407
343.407
343.407
343.407
343.407
343.407
343.407
343.407
343.407
343.407
343.407
343.407
343.407
343.407
343.407
343.407
343.407
343.407
343.407
343.407
343.407
343.407
343.407
343.407
343.407
343.407
343.407
343.407
343.407
343.407
343.407
343.407
343.407
343.407
343.407
343.407
343.407
343.407
343.407
343.407
343.407
343.407
343.407
343.407
343.407
343.407
343.407
343.407
343.407
343.407
343.407
343.407
343.407
343.407
343.407
343.407
343.407
343.407
343.407
343.407
343.407
343.407
343.407
343.407
343.407
343.407
343.407
343.407
343.407
343.407
343.407
343.407
343.407
343.407
343.407
343.407
343.407
343.407
343.407
343.407
343.407
343.407
343.407
343.407
343.407
343.407
343.407
343.407
343.407
343.407
343.407
343.407
343.407
343.407
343.407
343.407
343.407
343.407
343.407
343.407
343.407
343.407
343.407
343.407
343.407
343.407
343.407
343.407
343.407
343.407
343.407
343.407
343.407
343.407
343.407
343.407
343.407
343.407
343.407
343.407
343.407
343.407
343.407
343.407
343.407
343.407
343.407
343.407
343.407
343.407
343.407
343.407
343.407
343.407
343.407
343.407
343.407
343.407
343.407
343.407
343.407
343.407
343.407
343.407
343.407
343.407
343.407
343.407
343.407
343.407
343.407
343.407
343.407
343.407
343.407
343.407
343.407
343.407
343.407
343.407
343.407
343.407
343.407
343.407
343.407
343.407
343.407
343.407
343.407
343.407
343.407
343.407
343.407
343.407
343.407
343.407
343.407
343.407
343.407
343.407
343.407
343.407
343.407
343.407
343.407
343.407
343.407
343.407
343.407
343.407
343.407
343.407
343.407
343.407
343.407
343.407
343.407
343.407
343.407
343.407
343.407
343.407
343.407
343.407
343.407
343.407
343.407
343.407
343.407
343.407
343.407
343.407
343.407
343.407
343.407
343.407
343.407
343.407
343.407
343.407
343.407
343.407
343.407
343.407
343.407
343.407
343.407
343.407
343.407
343.407
343.407
343.407
343.407
343.407
343.407
343.407
343.407
343.407
343.407
343.407
343.407
343.407
343.407
343.407
343.407
343.407
343.407
343.407
343.407
343.407
343.407
343.407
343.407
343.407
343.407
343.407
343.407
343.407
343.407
343.407
343.407
343.407
343.407
343.407
343.407
343.407
343.407
343.407
343.407
343.407
343.407
343.407
343.407
343.407
343.407
343.407
343.407
343.407
343.407
343.407
343.407
343.407
343.407
343.407
343.407
343.407
343.407
343.407
343.407
343.407
343.407
343.407
343.407
343.407
343.407
343.407
343.407
343.407
343.407
343.407
343.407
343.407
343.407
343.407
343.407
343.407
343.407
343.406
343.398
343.373
343.331
343.246
343.084
342.794
342.306
341.54
340.416
338.873
336.882
334.453
331.63
328.507
325.18
321.706
318.154
314.5
310.883
307.169
303.552
299.959
296.775
294.228
292.587
291.672
291.883
293.09
293.633
297.599
299.721
307.141
313.156
323.481
334.061
346.019
358.042
369.115
378.294
383.828
390.336
390.014
346.167
147.036
388.993
1422.23
1466.65
1466.43
1466.39
1466.36
1466.34
1466.33
1466.31
1466.31
1466.29
1466.28
1466.28
1466.25
1466.23
1466.21
1466.21
1466.21
1466.21
1466.21
1466.2
1466.21
1466.21
1466.2
1466.2
1466.2
1466.2
1466.21
1466.21
1466.21
1466.21
1466.21
1466.21
1466.2
1466.2
1466.21
1466.2
1466.2
1466.21
1466.21
1466.2
1466.2
1466.21
1466.21
1466.21
1466.2
1466.2
1466.21
1466.2
1466.2
1466.2
1466.2
1466.21
1466.21
1466.21
1466.21
1466.21
1466.21
1466.21
1466.2
1466.21
1466.2
1466.2
1466.21
1466.21
1466.2
1466.2
1466.21
1466.21
1466.21
1466.21
1466.21
1466.21
1466.21
1466.2
1466.2
1466.2
1466.21
1466.2
1466.21
1466.21
1466.21
1466.21
1466.2
1466.21
1466.21
1466.21
1466.2
1466.2
1466.21
1466.21
1466.2
1466.21
1466.21
1466.21
1466.21
1466.21
1466.21
1466.2
1466.21
1466.21
1466.21
1466.21
1466.21
1466.21
1466.2
1466.21
1466.2
1466.21
1466.2
1466.21
1466.21
1466.21
1466.21
1466.21
1466.21
1466.21
1466.2
1466.21
1466.21
1466.2
1466.21
1466.21
1466.21
1466.2
1466.21
1466.21
1466.21
1466.21
1466.21
1466.21
1466.21
1466.2
1466.2
1466.21
1466.21
1466.21
1466.21
1466.21
1466.21
1466.21
1466.21
1466.21
1466.21
1466.21
1466.21
1466.21
1466.21
1466.2
1466.21
1466.21
1466.21
1466.21
1466.21
1466.21
1466.21
1466.21
1466.21
1466.21
1466.2
1466.21
1466.2
1466.2
1466.21
1466.21
1466.21
1466.2
1466.2
1466.21
1466.21
1466.2
1466.21
1466.21
1466.21
1466.21
1466.2
1466.21
1466.21
1466.21
1466.21
1466.21
1466.21
1466.2
1466.2
1466.21
1466.21
1466.21
1466.21
1466.21
1466.21
1466.21
1466.21
1466.21
1466.21
1466.21
1466.21
1466.21
1466.21
1466.2
1466.21
1466.2
1466.21
1466.21
1466.2
1466.21
1466.21
1466.21
1466.21
1466.21
1466.2
1466.21
1466.2
1466.21
1466.2
1466.21
1466.2
1466.21
1466.2
1466.21
1466.21
1466.21
1466.21
1466.21
1466.21
1466.21
1466.2
1466.2
1466.21
1466.21
1466.21
1466.21
1466.21
1466.21
1466.21
1466.21
1466.21
1466.21
1466.21
1466.21
1466.2
1466.21
1466.2
1466.21
1466.21
1466.2
1466.21
1466.21
1466.21
1466.21
1466.2
1466.21
1466.21
1466.21
1466.2
1466.2
1466.2
1466.21
1466.21
1466.21
1466.21
1466.21
1466.21
1466.21
1466.21
1466.21
1466.21
1466.21
1466.21
1466.21
1466.21
1466.21
1466.2
1466.21
1466.21
1466.21
1466.21
1466.21
1466.21
1466.21
1466.2
1466.2
1466.21
1466.21
1466.21
1466.21
1466.21
1466.21
1466.21
1466.21
1466.21
1466.21
1466.2
1466.21
1466.21
1466.2
1466.21
1466.21
1466.21
1466.21
1466.21
1466.21
1466.21
1466.21
1466.21
1466.21
1466.2
1466.21
1466.21
1466.2
1466.21
1466.21
1466.21
1466.21
1466.21
1466.21
1466.2
1466.21
1466.21
1466.21
1466.21
1466.21
1466.21
1466.21
1466.21
1466.21
1466.21
1466.21
1466.21
1466.2
1466.21
1466.21
1466.21
1466.21
1466.21
1466.21
1466.21
1466.21
1466.21
1466.21
1466.21
1466.21
1466.2
1466.21
1466.21
1466.21
1466.21
1466.2
1466.21
1466.21
1466.21
1466.2
1466.21
1466.21
1466.21
1466.2
1466.21
1466.21
1466.21
1466.21
1466.2
1466.21
1466.21
1466.21
1466.21
1466.21
1466.21
1466.21
1466.2
1466.21
1466.21
1466.21
1466.2
1466.21
1466.2
1466.21
1466.2
1466.2
1466.21
1466.21
1466.21
1466.2
1466.21
1466.21
1466.21
1466.2
1466.21
1466.21
1466.21
1466.21
1466.21
1466.21
1466.21
1466.21
1466.21
1466.21
1466.21
1466.21
1466.21
1466.21
1466.21
)
;

boundaryField
{
    sides
    {
        type            calculated;
        value           nonuniform List<scalar> 2(1466.21 343.407);
    }
    empty1
    {
        type            empty;
    }
    empty2
    {
        type            empty;
    }
}


// ************************************************************************* //
