/*--------------------------------*- C++ -*----------------------------------*\
| =========                 |                                                 |
| \\      /  F ield         | OpenFOAM: The Open Source CFD Toolbox           |
|  \\    /   O peration     | Version:  2312                                  |
|   \\  /    A nd           | Website:  www.openfoam.com                      |
|    \\/     M anipulation  |                                                 |
\*---------------------------------------------------------------------------*/
FoamFile
{
    version     2.0;
    format      ascii;
    arch        "LSB;label=32;scalar=64";
    class       volScalarField;
    location    "5e-05";
    object      p;
}
// * * * * * * * * * * * * * * * * * * * * * * * * * * * * * * * * * * * * * //

dimensions      [1 -1 -2 0 0 0 0];

internalField   nonuniform List<scalar> 
800
(
1e+06
1e+06
1e+06
1e+06
1e+06
1e+06
1e+06
1e+06
1e+06
1e+06
1e+06
1e+06
1e+06
1e+06
1e+06
1e+06
1e+06
1e+06
1e+06
1e+06
1e+06
1e+06
1e+06
1e+06
1e+06
1e+06
1e+06
1e+06
1e+06
1e+06
1e+06
1e+06
1e+06
1e+06
1e+06
1e+06
1e+06
1e+06
1e+06
1e+06
1e+06
1e+06
1e+06
1e+06
1e+06
1e+06
1e+06
1e+06
1e+06
1e+06
1e+06
1e+06
1e+06
1e+06
1e+06
1e+06
1e+06
1e+06
1e+06
1e+06
1e+06
1e+06
1e+06
1e+06
1e+06
1e+06
1e+06
1e+06
1e+06
1e+06
1e+06
1e+06
1e+06
1e+06
1e+06
1e+06
1e+06
1e+06
1e+06
1e+06
1e+06
1e+06
1e+06
1e+06
1e+06
1e+06
1e+06
1e+06
1e+06
1e+06
1e+06
1e+06
1e+06
1e+06
1e+06
1e+06
1e+06
1e+06
1e+06
1e+06
1e+06
1e+06
1e+06
1e+06
1e+06
1e+06
1e+06
1e+06
1e+06
1e+06
1e+06
1e+06
1e+06
1e+06
1e+06
1e+06
1e+06
1e+06
1e+06
1e+06
1e+06
1e+06
1e+06
1e+06
1e+06
1e+06
1e+06
1e+06
1e+06
1e+06
1e+06
1e+06
1e+06
1e+06
1e+06
1e+06
1e+06
1e+06
1e+06
1e+06
1e+06
1e+06
1e+06
1e+06
1e+06
1e+06
1e+06
1e+06
1e+06
1e+06
1e+06
1e+06
1e+06
1e+06
1e+06
1e+06
1e+06
1e+06
1e+06
1e+06
1e+06
1e+06
1e+06
1e+06
1e+06
1e+06
1e+06
1e+06
1e+06
1e+06
1e+06
1e+06
1e+06
1e+06
1e+06
1e+06
1e+06
1e+06
1e+06
1e+06
1e+06
1e+06
1e+06
1e+06
1e+06
1e+06
1e+06
1e+06
1e+06
1e+06
1e+06
1e+06
1e+06
1e+06
1e+06
1e+06
1e+06
1e+06
1e+06
1e+06
1e+06
1e+06
1e+06
1e+06
1e+06
1e+06
1e+06
1e+06
1e+06
1e+06
1e+06
1e+06
1e+06
1e+06
1e+06
1e+06
1e+06
1e+06
1e+06
1e+06
1e+06
1e+06
1e+06
1e+06
1e+06
1e+06
1e+06
1e+06
1e+06
1e+06
1e+06
1e+06
1e+06
1e+06
1e+06
1e+06
1e+06
1e+06
1e+06
1e+06
1e+06
1e+06
1e+06
1e+06
1e+06
1e+06
1e+06
1e+06
1e+06
1e+06
1e+06
1e+06
1e+06
1e+06
1e+06
1e+06
1e+06
1e+06
1e+06
1e+06
1e+06
1e+06
1e+06
1e+06
1e+06
1e+06
1e+06
1e+06
1e+06
1e+06
1e+06
1e+06
1e+06
1e+06
1e+06
1e+06
1e+06
1e+06
1e+06
1e+06
1e+06
1e+06
1e+06
1e+06
1e+06
1e+06
1e+06
1e+06
1e+06
1e+06
1e+06
1e+06
1e+06
1e+06
1e+06
1e+06
1e+06
1e+06
1e+06
1e+06
1e+06
1e+06
1e+06
1e+06
1e+06
1e+06
1e+06
1e+06
1e+06
1e+06
1e+06
1e+06
1e+06
1e+06
1e+06
1e+06
1e+06
1e+06
1e+06
1e+06
1e+06
1e+06
1e+06
1e+06
1e+06
1e+06
1e+06
1e+06
1e+06
1e+06
1e+06
1e+06
1e+06
1e+06
1e+06
1e+06
1e+06
1e+06
1e+06
1e+06
1e+06
1e+06
1e+06
1e+06
1e+06
1e+06
1e+06
1e+06
1e+06
1e+06
1e+06
1e+06
1e+06
999999
999994
999970
999865
999556
998967
997774
995425
991070
983513
971284
952883
927156
893691
853028
806539
756439
705097
654688
604832
557985
512819
471315
431407
395277
363229
337043
316798
304308
294819
295307
285377
294248
280453
291865
281621
287447
285241
285754
286330
286078
284028
280092
270480
258554
209790
167006
722600
363483
485922
405612
415002
363938
344120
307454
287308
270102
251641
230165
220598
179329
141925
115083
104918
101369
100290
100008
99959
99962.2
99974.5
99988.7
99994.9
99997.6
99998.9
99999.5
99999.8
100000
100000
100000
100000
100000
100000
100000
100000
100000
100000
100000
100000
100000
100000
100000
100000
100000
100000
100000
100000
100000
100000
100000
100000
100000
100000
100000
100000
100000
100000
100000
100000
100000
100000
100000
100000
100000
100000
100000
100000
100000
100000
100000
100000
100000
100000
100000
100000
100000
100000
100000
100000
100000
100000
100000
100000
100000
100000
100000
100000
100000
100000
100000
100000
100000
100000
100000
100000
100000
100000
100000
100000
100000
100000
100000
100000
100000
100000
100000
100000
100000
100000
100000
100000
100000
100000
100000
100000
100000
100000
100000
100000
100000
100000
100000
100000
100000
100000
100000
100000
100000
100000
100000
100000
100000
100000
100000
100000
100000
100000
100000
100000
100000
100000
100000
100000
100000
100000
100000
100000
100000
100000
100000
100000
100000
100000
100000
100000
100000
100000
100000
100000
100000
100000
100000
100000
100000
100000
100000
100000
100000
100000
100000
100000
100000
100000
100000
100000
100000
100000
100000
100000
100000
100000
100000
100000
100000
100000
100000
100000
100000
100000
100000
100000
100000
100000
100000
100000
100000
100000
100000
100000
100000
100000
100000
100000
100000
100000
100000
100000
100000
100000
100000
100000
100000
100000
100000
100000
100000
100000
100000
100000
100000
100000
100000
100000
100000
100000
100000
100000
100000
100000
100000
100000
100000
100000
100000
100000
100000
100000
100000
100000
100000
100000
100000
100000
100000
100000
100000
100000
100000
100000
100000
100000
100000
100000
100000
100000
100000
100000
100000
100000
100000
100000
100000
100000
100000
100000
100000
100000
100000
100000
100000
100000
100000
100000
100000
100000
100000
100000
100000
100000
100000
100000
100000
100000
100000
100000
100000
100000
100000
100000
100000
100000
100000
100000
100000
100000
100000
100000
100000
100000
100000
100000
100000
100000
100000
100000
100000
100000
100000
100000
100000
100000
100000
100000
100000
100000
100000
100000
100000
100000
100000
100000
100000
100000
100000
100000
100000
100000
100000
100000
100000
100000
100000
100000
100000
100000
100000
100000
100000
100000
100000
100000
100000
100000
100000
100000
100000
100000
100000
100000
100000
100000
100000
100000
100000
100000
100000
100000
100000
100000
100000
100000
100000
100000
100000
100000
100000
100000
100000
100000
100000
100000
100000
100000
100000
100000
100000
100000
100000
100000
100000
100000
100000
100000
100000
100000
100000
100000
100000
100000
100000
100000
100000
100000
100000
100000
100000
100000
100000
)
;

boundaryField
{
    sides
    {
        type            zeroGradient;
    }
    empty1
    {
        type            empty;
    }
    empty2
    {
        type            empty;
    }
}


// ************************************************************************* //
