/*--------------------------------*- C++ -*----------------------------------*\
| =========                 |                                                 |
| \\      /  F ield         | OpenFOAM: The Open Source CFD Toolbox           |
|  \\    /   O peration     | Version:  2312                                  |
|   \\  /    A nd           | Website:  www.openfoam.com                      |
|    \\/     M anipulation  |                                                 |
\*---------------------------------------------------------------------------*/
FoamFile
{
    version     2.0;
    format      ascii;
    arch        "LSB;label=32;scalar=64";
    class       surfaceScalarField;
    location    "5e-05";
    object      phiRhoHat_nei;
}
// * * * * * * * * * * * * * * * * * * * * * * * * * * * * * * * * * * * * * //

dimensions      [1 0 -1 0 0 0 0];

oriented        oriented;

internalField   nonuniform List<scalar> 
799
(
-1.01588e-32
-0
-3.05007e-17
-3.05007e-17
-0
-0
3.05007e-17
3.05007e-17
8.12701e-32
-0
-3.05007e-17
-0
-0
-3.05007e-17
3.05007e-17
-3.05007e-17
3.05007e-17
-3.05007e-17
-0
-0
-0
-0
-6.10014e-17
-6.10014e-17
3.05007e-17
3.05007e-17
-3.05007e-17
-0
-0
-0
-0
-3.05007e-17
3.05007e-17
-3.05007e-17
-3.38626e-33
-0
-0
3.05007e-17
1.52503e-17
-3.05007e-17
3.05007e-17
-0
3.05007e-17
-0
3.05007e-17
-3.05007e-17
3.05007e-17
3.05007e-17
-3.05007e-17
-0
-3.05007e-17
-0
-3.05007e-17
-2.87832e-31
-0
-3.05007e-17
-5.75664e-32
-0
3.05007e-17
3.05007e-17
6.09526e-32
-0
-3.05007e-17
-3.05007e-17
-3.05007e-17
-3.05007e-17
-3.05007e-17
-3.05007e-17
-6.10014e-17
-4.5751e-17
-0
-0
-3.05007e-17
3.05007e-17
1.52503e-17
-3.05007e-17
-3.05007e-17
-0
-0
-3.05007e-17
-0
-3.05007e-17
-0
-0
-0
-3.05007e-17
-3.05007e-17
-1.52503e-17
3.05007e-17
-0
-0
-0
-3.05007e-17
-3.05007e-17
3.05007e-17
1.52503e-17
-3.05007e-17
-3.38626e-33
-0
3.05007e-17
1.52503e-17
-3.05007e-17
-3.05007e-17
3.05007e-17
-3.05007e-17
-4.53758e-31
-0
-3.05007e-17
-3.42012e-31
-0
3.05007e-17
1.52503e-17
-3.05007e-17
-3.05007e-17
-3.05007e-17
-2.26879e-31
-0
-3.05007e-17
-3.05007e-17
-1.52503e-17
3.05007e-17
1.52503e-17
-3.05007e-17
3.05007e-17
-3.05007e-17
-3.05007e-17
-4.53758e-31
-0
3.05007e-17
-3.05007e-17
3.05007e-17
-0
3.05007e-17
3.05007e-17
3.05007e-17
3.05007e-17
-3.05007e-17
-3.05007e-17
-0
-3.05007e-17
-0
-3.05007e-17
3.05007e-17
-3.05007e-17
-3.42012e-31
-0
-0
-3.05007e-17
-1.578e-30
-0
3.05007e-17
3.05007e-17
9.0413e-31
-0
-0
-3.05007e-17
-1.52503e-17
3.05007e-17
9.07517e-31
-0
-0
-0
-0
-0
-3.05007e-17
3.05007e-17
4.53758e-31
-0
-3.05007e-17
-3.05007e-17
-6.10014e-17
-0
-3.05007e-17
3.05007e-17
-3.05007e-17
-9.10903e-31
-0
3.05007e-17
-0
3.05007e-17
9.07517e-31
-0
-0
-3.05007e-17
-1.52503e-17
3.05007e-17
3.05007e-17
3.05007e-17
-3.05007e-17
-2.37377e-30
-0
-0
-0
-0
-3.05007e-17
-3.05007e-17
3.05007e-17
-0
3.05007e-17
1.52503e-17
-3.05007e-17
-3.38626e-33
-0
-0
-0
-3.05007e-17
-3.05007e-17
-3.38626e-33
-0
-3.05007e-17
-6.84024e-31
-0
-0
-0
-3.05007e-17
-3.05007e-17
-0
-3.05007e-17
-2.03853e-30
-0
-0
-3.05007e-17
-2.03853e-30
-0
3.05007e-17
-0
-0
3.05007e-17
-3.05007e-17
-6.84024e-31
-0
-3.05007e-17
-3.05007e-17
-0
-0
3.05007e-17
-3.05007e-17
-3.05007e-17
-0
-3.05007e-17
-0
-0
-6.10014e-17
3.05007e-17
-3.05007e-17
3.05007e-17
-3.05007e-17
-0
-3.05007e-17
3.05007e-17
-3.05007e-17
-0
-3.05007e-17
-1.58138e-30
-0
-3.05007e-17
-0
-3.05007e-17
-0
-0
3.05007e-17
-3.05007e-17
-0
-0
-0
-3.05007e-17
-0
-3.05007e-17
-0
-0
-0
3.05007e-17
-3.05007e-17
-0
-3.05007e-17
-3.05007e-17
-0
-3.05007e-17
-0
-3.05007e-17
-0
-0
-0
-0
-3.05007e-17
3.05007e-17
1.52503e-17
-3.05007e-17
-3.05007e-17
-0
-3.05007e-17
-0
-3.05007e-17
-3.05007e-17
-0
-3.05007e-17
-3.05007e-17
-0
-3.05007e-17
-0
-3.05007e-17
-3.38626e-33
-0
-0
-0
-3.05007e-17
-0
-3.05007e-17
-0
-3.05007e-17
-6.84024e-31
-0
-0
-3.05007e-17
-3.05007e-17
-3.05007e-17
-0
-3.05007e-17
-3.05007e-17
-0
-0
-0
-3.05007e-17
-2.26879e-31
-0
-0
-0
-3.05007e-17
-1.58138e-30
-0
-3.05007e-17
-3.05007e-17
-3.05007e-17
-0
-3.05007e-17
-3.05007e-17
-0
-3.05007e-17
-3.05007e-17
-9.10903e-31
-0
-3.05007e-17
-1.35789e-30
-0
3.05007e-17
-3.05007e-17
-0
-3.05007e-17
3.05007e-17
1.80826e-30
-0
-3.05007e-17
6.10013e-17
4.57509e-17
-0
6.09983e-17
4.57419e-17
-0
3.04622e-17
1.52098e-17
-6.06748e-17
-6.03776e-17
5.98737e-17
5.9075e-17
3.86922e-30
-0
2.70576e-17
-2.57449e-17
-0
-2.25076e-17
-0
-1.88298e-17
8.44282e-18
8.28302e-34
-0
-5.45117e-18
-3.30215e-32
-0
-0
1.79918e-18
6.2154e-19
-1.73222e-18
-1.25627e-31
-0
-0
-0
-0
-0
-0
-8.5386e-19
5.1204e-19
2.60588e-18
-0
-0
1.93551e-18
4.69129e-32
-0
-8.20778e-19
-0.000264323
-13.2156
-69.938
-73.2857
-73.2782
-73.2745
-73.2691
-73.2714
-73.2689
-73.2705
-73.2691
-73.2704
-73.2691
-73.2708
-73.2703
-73.2707
-73.2703
-73.2702
-73.2702
-73.2702
-73.2702
-73.2701
-73.27
-73.2702
-73.2702
-73.27
-73.27
-73.27
-73.2702
-73.2702
-73.2702
-73.2702
-73.2702
-73.2702
-73.2702
-73.27
-73.2702
-73.2702
-73.27
-73.2702
-73.2702
-73.2702
-73.27
-73.2702
-73.2702
-73.2702
-73.2701
-73.27
-73.2702
-73.2702
-73.27
-73.27
-73.27
-73.2702
-73.2702
-73.2702
-73.2702
-73.2702
-73.2702
-73.2702
-73.2701
-73.2702
-73.2702
-73.27
-73.2702
-73.2702
-73.2702
-73.27
-73.27
-73.2702
-73.2702
-73.2702
-73.2702
-73.2702
-73.2702
-73.2701
-73.27
-73.27
-73.2702
-73.2702
-73.2702
-73.2702
-73.2702
-73.2702
-73.2702
-73.2701
-73.2702
-73.2702
-73.2702
-73.27
-73.2702
-73.2702
-73.2702
-73.2702
-73.2702
-73.2702
-73.2702
-73.2702
-73.2702
-73.2701
-73.2701
-73.2702
-73.2702
-73.2702
-73.2702
-73.2702
-73.2702
-73.2702
-73.2702
-73.2702
-73.2702
-73.2702
-73.2702
-73.2702
-73.2702
-73.2702
-73.2702
-73.2702
-73.2702
-73.2701
-73.2702
-73.2702
-73.27
-73.2702
-73.2702
-73.2702
-73.2701
-73.2702
-73.2702
-73.2702
-73.2702
-73.2702
-73.2702
-73.2702
-73.27
-73.2702
-73.2702
-73.2702
-73.2702
-73.2702
-73.2702
-73.2702
-73.2702
-73.2702
-73.2702
-73.2702
-73.2702
-73.2702
-73.2702
-73.2702
-73.2702
-73.2702
-73.2702
-73.2702
-73.2702
-73.2702
-73.2702
-73.2702
-73.2702
-73.2702
-73.2702
-73.2702
-73.2702
-73.27
-73.2702
-73.2702
-73.2702
-73.2702
-73.27
-73.2702
-73.2702
-73.2702
-73.2702
-73.2702
-73.2702
-73.2702
-73.2701
-73.2702
-73.2702
-73.2702
-73.2702
-73.2702
-73.2702
-73.2702
-73.27
-73.2702
-73.2702
-73.2702
-73.2702
-73.2702
-73.2702
-73.2702
-73.2702
-73.2702
-73.2702
-73.2702
-73.2702
-73.2702
-73.2702
-73.2702
-73.2701
-73.2701
-73.2702
-73.2702
-73.2702
-73.2702
-73.2702
-73.2702
-73.2702
-73.2702
-73.2702
-73.2702
-73.2702
-73.2702
-73.2702
-73.2702
-73.2702
-73.2702
-73.2702
-73.2702
-73.2702
-73.2702
-73.2702
-73.2702
-73.2702
-73.2702
-73.2701
-73.27
-73.2702
-73.2702
-73.2702
-73.2702
-73.2702
-73.2702
-73.2702
-73.2702
-73.2702
-73.2702
-73.2702
-73.2702
-73.2702
-73.2702
-73.2702
-73.2702
-73.2702
-73.2702
-73.2702
-73.2702
-73.2702
-73.2702
-73.2702
-73.2702
-73.2702
-73.2702
-73.2702
-73.27
-73.27
-73.2702
-73.2702
-73.2702
-73.2702
-73.2702
-73.2702
-73.2702
-73.2702
-73.2702
-73.2702
-73.2702
-73.2702
-73.2702
-73.2702
-73.2702
-73.2702
-73.2702
-73.2702
-73.2702
-73.2702
-73.2702
-73.2702
-73.2702
-73.2701
-73.27
-73.2702
-73.2702
-73.2702
-73.2702
-73.2702
-73.2702
-73.2702
-73.2702
-73.2702
-73.2702
-73.2702
-73.2701
-73.2702
-73.2702
-73.2701
-73.2702
-73.2702
-73.2702
-73.2702
-73.2702
-73.2702
-73.2702
-73.2702
-73.2702
-73.2701
-73.2702
-73.2702
-73.2701
-73.2702
-73.2702
-73.2702
-73.2702
-73.2702
-73.2702
-73.2702
-73.2702
-73.2702
-73.2702
-73.2702
-73.2702
-73.2702
-73.2702
-73.2702
-73.2702
-73.2702
-73.2702
-73.2702
-73.2702
-73.2702
-73.2702
-73.2702
-73.2702
-73.2702
-73.2702
-73.2702
-73.2702
-73.2702
-73.2702
-73.2702
-73.2702
-73.2701
-73.2702
-73.2702
-73.2702
-73.2702
-73.2702
-73.2702
-73.2702
-73.2702
-73.2702
-73.2701
-73.2702
-73.2702
-73.2702
-73.2702
-73.2702
-73.2702
-73.2702
-73.2702
-73.2702
-73.2702
-73.2702
-73.2702
-73.2702
-73.2702
-73.2702
-73.2702
-73.2702
-73.2702
-73.2702
-73.2702
-73.2702
-73.2702
-73.2701
-73.2701
-73.27
-73.2702
-73.2702
-73.2702
-73.2701
-73.2701
-73.2702
-73.2702
-73.2702
-73.2702
-73.2702
-73.2701
-73.2702
-73.2702
-73.2702
-73.2702
-73.2702
-73.2702
-73.2702
-73.2702
-73.2702
-73.2702
-73.2702
-73.2702
)
;

boundaryField
{
    sides
    {
        type            calculated;
        value           nonuniform List<scalar> 2(-73.2702 -3.05007e-17);
    }
    empty1
    {
        type            empty;
        value           nonuniform List<scalar> 0();
    }
    empty2
    {
        type            empty;
        value           nonuniform List<scalar> 0();
    }
}


// ************************************************************************* //
