/*--------------------------------*- C++ -*----------------------------------*\
| =========                 |                                                 |
| \\      /  F ield         | OpenFOAM: The Open Source CFD Toolbox           |
|  \\    /   O peration     | Version:  2312                                  |
|   \\  /    A nd           | Website:  www.openfoam.com                      |
|    \\/     M anipulation  |                                                 |
\*---------------------------------------------------------------------------*/
FoamFile
{
    version     2.0;
    format      ascii;
    arch        "LSB;label=32;scalar=64";
    class       surfaceScalarField;
    location    "5e-05";
    object      phiRhoHat_own;
}
// * * * * * * * * * * * * * * * * * * * * * * * * * * * * * * * * * * * * * //

dimensions      [1 0 -1 0 0 0 0];

oriented        oriented;

internalField   nonuniform List<scalar> 
799
(
3.05007e-17
0
0
3.05007e-17
3.05007e-17
0
-3.38626e-33
-3.05007e-17
-3.05007e-17
0
0
3.05007e-17
0
8.46564e-32
3.05007e-17
-3.05007e-17
3.05007e-17
-3.05007e-17
3.05007e-17
0
0
0
0
6.10014e-17
6.10014e-17
-3.05007e-17
-3.05007e-17
3.05007e-17
0
0
0
3.38626e-33
3.05007e-17
-3.05007e-17
3.05007e-17
0
0
0
-3.05007e-17
1.52503e-17
3.05007e-17
-3.05007e-17
0
-3.05007e-17
0
-3.05007e-17
3.05007e-17
-3.05007e-17
-3.05007e-17
3.05007e-17
0
3.05007e-17
0
3.05007e-17
0
3.38626e-33
3.05007e-17
0
0
-3.05007e-17
-3.05007e-17
0
2.87832e-31
3.05007e-17
3.05007e-17
3.05007e-17
3.05007e-17
3.05007e-17
3.05007e-17
6.10014e-17
1.52503e-17
0
3.38626e-33
3.05007e-17
-3.05007e-17
1.52503e-17
3.05007e-17
3.05007e-17
0
5.62119e-31
3.05007e-17
0
3.05007e-17
0
0
0
3.05007e-17
3.05007e-17
-1.52503e-17
-3.05007e-17
0
0
0
3.05007e-17
3.05007e-17
-3.05007e-17
1.52503e-17
3.05007e-17
0
-2.87832e-31
-3.05007e-17
1.52503e-17
3.05007e-17
3.05007e-17
-3.05007e-17
3.05007e-17
0
0
3.05007e-17
0
0
-3.05007e-17
1.52503e-17
3.05007e-17
3.05007e-17
3.05007e-17
0
0
3.05007e-17
3.05007e-17
-1.52503e-17
-3.05007e-17
1.52503e-17
3.05007e-17
-3.05007e-17
3.05007e-17
3.05007e-17
0
0
-3.05007e-17
3.05007e-17
-3.05007e-17
0
-3.05007e-17
-3.05007e-17
-3.05007e-17
-3.05007e-17
3.05007e-17
3.05007e-17
0
3.05007e-17
0
3.05007e-17
-3.05007e-17
3.05007e-17
0
0
0
3.05007e-17
0
0
-3.05007e-17
-3.05007e-17
0
0
0
3.05007e-17
-1.52503e-17
-3.05007e-17
0
0
0
0
0
0
3.05007e-17
-3.05007e-17
0
1.18519e-31
3.05007e-17
3.05007e-17
6.10014e-17
0
3.05007e-17
-3.05007e-17
3.05007e-17
0
0
-3.05007e-17
0
-3.05007e-17
0
0
0
3.05007e-17
-1.52503e-17
-3.05007e-17
-3.05007e-17
-3.05007e-17
3.05007e-17
0
0
0
0
0
3.05007e-17
3.05007e-17
-3.05007e-17
0
-3.05007e-17
1.52503e-17
3.05007e-17
0
0
0
0
3.05007e-17
3.05007e-17
0
0
3.05007e-17
0
0
0
0
3.05007e-17
3.05007e-17
0
3.05007e-17
0
0
0
3.05007e-17
0
0
-3.05007e-17
0
0
-3.05007e-17
3.05007e-17
0
2.30265e-31
3.05007e-17
3.05007e-17
0
0
-3.05007e-17
3.05007e-17
3.05007e-17
0
3.05007e-17
0
4.60531e-31
6.10014e-17
-3.05007e-17
3.05007e-17
-3.05007e-17
3.05007e-17
0
3.05007e-17
-3.05007e-17
3.05007e-17
0
3.05007e-17
0
0
3.05007e-17
0
3.05007e-17
0
0
-3.05007e-17
3.05007e-17
0
0
0
3.05007e-17
0
3.05007e-17
0
0
0
-3.05007e-17
3.05007e-17
0
3.05007e-17
3.05007e-17
0
3.05007e-17
0
3.05007e-17
0
0
0
0
3.05007e-17
-3.05007e-17
1.52503e-17
3.05007e-17
3.05007e-17
0
3.05007e-17
0
3.05007e-17
3.05007e-17
0
3.05007e-17
3.05007e-17
0
3.05007e-17
0
3.05007e-17
0
0
0
0
3.05007e-17
0
3.05007e-17
0
3.05007e-17
0
0
0
3.05007e-17
3.05007e-17
3.05007e-17
0
3.05007e-17
3.05007e-17
0
0
0
3.05007e-17
0
0
0
0
3.05007e-17
0
0
3.05007e-17
3.05007e-17
3.05007e-17
0
3.05007e-17
3.05007e-17
0
3.05007e-17
3.05007e-17
0
0
3.05007e-17
0
0
-3.05007e-17
3.05007e-17
0
3.05007e-17
-3.05007e-17
0
0
3.05007e-17
-6.10014e-17
-1.52504e-17
0
-6.10073e-17
-1.52545e-17
0
-3.05423e-17
1.52933e-17
6.13384e-17
6.16268e-17
-6.20973e-17
-6.2813e-17
0
0
-3.34347e-17
3.44421e-17
0
3.67707e-17
0
3.93101e-17
-2.03115e-17
0
8.03539e-31
2.23585e-17
0
0
0
-2.47033e-17
1.25198e-17
5.04918e-17
0
0
0
0
0
0
1.5256e-33
1.40741e-17
-2.15117e-17
-2.92232e-17
0
0
-1.52395e-17
0
7.00632e-31
4.73281e-17
0.00102002
69.6255
73.3132
73.2987
73.2967
73.2879
73.2896
73.2842
73.2843
73.2814
73.2816
73.2792
73.2796
73.2767
73.2752
73.2718
73.2708
73.2704
73.2702
73.2702
73.2701
73.27
73.2702
73.2702
73.27
73.27
73.27
73.2702
73.2702
73.2702
73.2702
73.2702
73.2702
73.2702
73.27
73.2702
73.2702
73.27
73.2702
73.2702
73.2702
73.27
73.2702
73.2702
73.2702
73.2701
73.27
73.2702
73.2702
73.27
73.27
73.27
73.2702
73.2702
73.2702
73.2702
73.2702
73.2702
73.2702
73.2701
73.2702
73.2702
73.27
73.2702
73.2702
73.2702
73.27
73.27
73.2702
73.2702
73.2702
73.2702
73.2702
73.2702
73.2701
73.27
73.27
73.2702
73.2702
73.2702
73.2702
73.2702
73.2702
73.2702
73.2701
73.2702
73.2702
73.2702
73.27
73.2702
73.2702
73.2702
73.2702
73.2702
73.2702
73.2702
73.2702
73.2702
73.2701
73.2701
73.2702
73.2702
73.2702
73.2702
73.2702
73.2702
73.2702
73.2702
73.2702
73.2702
73.2702
73.2702
73.2702
73.2702
73.2702
73.2702
73.2702
73.2702
73.2701
73.2702
73.2702
73.27
73.2702
73.2702
73.2702
73.2701
73.2702
73.2702
73.2702
73.2702
73.2702
73.2702
73.2702
73.27
73.2702
73.2702
73.2702
73.2702
73.2702
73.2702
73.2702
73.2702
73.2702
73.2702
73.2702
73.2702
73.2702
73.2702
73.2702
73.2702
73.2702
73.2702
73.2702
73.2702
73.2702
73.2702
73.2702
73.2702
73.2702
73.2702
73.2702
73.2702
73.27
73.2702
73.2702
73.2702
73.2702
73.27
73.2702
73.2702
73.2702
73.2702
73.2702
73.2702
73.2702
73.2701
73.2702
73.2702
73.2702
73.2702
73.2702
73.2702
73.2702
73.27
73.2702
73.2702
73.2702
73.2702
73.2702
73.2702
73.2702
73.2702
73.2702
73.2702
73.2702
73.2702
73.2702
73.2702
73.2702
73.2701
73.2701
73.2702
73.2702
73.2702
73.2702
73.2702
73.2702
73.2702
73.2702
73.2702
73.2702
73.2702
73.2702
73.2702
73.2702
73.2702
73.2702
73.2702
73.2702
73.2702
73.2702
73.2702
73.2702
73.2702
73.2702
73.2701
73.27
73.2702
73.2702
73.2702
73.2702
73.2702
73.2702
73.2702
73.2702
73.2702
73.2702
73.2702
73.2702
73.2702
73.2702
73.2702
73.2702
73.2702
73.2702
73.2702
73.2702
73.2702
73.2702
73.2702
73.2702
73.2702
73.2702
73.2702
73.27
73.27
73.2702
73.2702
73.2702
73.2702
73.2702
73.2702
73.2702
73.2702
73.2702
73.2702
73.2702
73.2702
73.2702
73.2702
73.2702
73.2702
73.2702
73.2702
73.2702
73.2702
73.2702
73.2702
73.2702
73.2701
73.27
73.2702
73.2702
73.2702
73.2702
73.2702
73.2702
73.2702
73.2702
73.2702
73.2702
73.2702
73.2701
73.2702
73.2702
73.2701
73.2702
73.2702
73.2702
73.2702
73.2702
73.2702
73.2702
73.2702
73.2702
73.2701
73.2702
73.2702
73.2701
73.2702
73.2702
73.2702
73.2702
73.2702
73.2702
73.2702
73.2702
73.2702
73.2702
73.2702
73.2702
73.2702
73.2702
73.2702
73.2702
73.2702
73.2702
73.2702
73.2702
73.2702
73.2702
73.2702
73.2702
73.2702
73.2702
73.2702
73.2702
73.2702
73.2702
73.2702
73.2702
73.2701
73.2702
73.2702
73.2702
73.2702
73.2702
73.2702
73.2702
73.2702
73.2702
73.2701
73.2702
73.2702
73.2702
73.2702
73.2702
73.2702
73.2702
73.2702
73.2702
73.2702
73.2702
73.2702
73.2702
73.2702
73.2702
73.2702
73.2702
73.2702
73.2702
73.2702
73.2702
73.2702
73.2701
73.2701
73.27
73.2702
73.2702
73.2702
73.2701
73.2701
73.2702
73.2702
73.2702
73.2702
73.2702
73.2701
73.2702
73.2702
73.2702
73.2702
73.2702
73.2702
73.2702
73.2702
73.2702
73.2702
73.2702
73.2702
)
;

boundaryField
{
    sides
    {
        type            calculated;
        value           nonuniform List<scalar> 2(73.2702 3.05007e-17);
    }
    empty1
    {
        type            empty;
        value           nonuniform List<scalar> 0();
    }
    empty2
    {
        type            empty;
        value           nonuniform List<scalar> 0();
    }
}


// ************************************************************************* //
