/*--------------------------------*- C++ -*----------------------------------*\
| =========                 |                                                 |
| \\      /  F ield         | OpenFOAM: The Open Source CFD Toolbox           |
|  \\    /   O peration     | Version:  2312                                  |
|   \\  /    A nd           | Website:  www.openfoam.com                      |
|    \\/     M anipulation  |                                                 |
\*---------------------------------------------------------------------------*/
FoamFile
{
    version     2.0;
    format      ascii;
    arch        "LSB;label=32;scalar=64";
    class       volScalarField;
    location    "5e-05";
    object      rho;
}
// * * * * * * * * * * * * * * * * * * * * * * * * * * * * * * * * * * * * * //

dimensions      [1 -3 0 0 0 0 0];

internalField   nonuniform List<scalar> 
800
(
11.8858
11.8858
11.8858
11.8858
11.8858
11.8858
11.8858
11.8858
11.8858
11.8858
11.8858
11.8858
11.8858
11.8858
11.8858
11.8858
11.8858
11.8858
11.8858
11.8858
11.8858
11.8858
11.8858
11.8858
11.8858
11.8858
11.8858
11.8858
11.8858
11.8858
11.8858
11.8858
11.8858
11.8858
11.8858
11.8858
11.8858
11.8858
11.8858
11.8858
11.8858
11.8858
11.8858
11.8858
11.8858
11.8858
11.8858
11.8858
11.8858
11.8858
11.8858
11.8858
11.8858
11.8858
11.8858
11.8858
11.8858
11.8858
11.8858
11.8858
11.8858
11.8858
11.8858
11.8858
11.8858
11.8858
11.8858
11.8858
11.8858
11.8858
11.8858
11.8858
11.8858
11.8858
11.8858
11.8858
11.8858
11.8858
11.8858
11.8858
11.8858
11.8858
11.8858
11.8858
11.8858
11.8858
11.8858
11.8858
11.8858
11.8858
11.8858
11.8858
11.8858
11.8858
11.8858
11.8858
11.8858
11.8858
11.8858
11.8858
11.8858
11.8858
11.8858
11.8858
11.8858
11.8858
11.8858
11.8858
11.8858
11.8858
11.8858
11.8858
11.8858
11.8858
11.8858
11.8858
11.8858
11.8858
11.8858
11.8858
11.8858
11.8858
11.8858
11.8858
11.8858
11.8858
11.8858
11.8858
11.8858
11.8858
11.8858
11.8858
11.8858
11.8858
11.8858
11.8858
11.8858
11.8858
11.8858
11.8858
11.8858
11.8858
11.8858
11.8858
11.8858
11.8858
11.8858
11.8858
11.8858
11.8858
11.8858
11.8858
11.8858
11.8858
11.8858
11.8858
11.8858
11.8858
11.8858
11.8858
11.8858
11.8858
11.8858
11.8858
11.8858
11.8858
11.8858
11.8858
11.8858
11.8858
11.8858
11.8858
11.8858
11.8858
11.8858
11.8858
11.8858
11.8858
11.8858
11.8858
11.8858
11.8858
11.8858
11.8858
11.8858
11.8858
11.8858
11.8858
11.8858
11.8858
11.8858
11.8858
11.8858
11.8858
11.8858
11.8858
11.8858
11.8858
11.8858
11.8858
11.8858
11.8858
11.8858
11.8858
11.8858
11.8858
11.8858
11.8858
11.8858
11.8858
11.8858
11.8858
11.8858
11.8858
11.8858
11.8858
11.8858
11.8858
11.8858
11.8858
11.8858
11.8858
11.8858
11.8858
11.8858
11.8858
11.8858
11.8858
11.8858
11.8858
11.8858
11.8858
11.8858
11.8858
11.8858
11.8858
11.8858
11.8858
11.8858
11.8858
11.8858
11.8858
11.8858
11.8858
11.8858
11.8858
11.8858
11.8858
11.8858
11.8858
11.8858
11.8858
11.8858
11.8858
11.8858
11.8858
11.8858
11.8858
11.8858
11.8858
11.8858
11.8858
11.8858
11.8858
11.8858
11.8858
11.8858
11.8858
11.8858
11.8858
11.8858
11.8858
11.8858
11.8858
11.8858
11.8858
11.8858
11.8858
11.8858
11.8858
11.8858
11.8858
11.8858
11.8858
11.8858
11.8858
11.8858
11.8858
11.8858
11.8858
11.8858
11.8858
11.8858
11.8858
11.8858
11.8858
11.8858
11.8858
11.8858
11.8858
11.8858
11.8858
11.8858
11.8858
11.8858
11.8858
11.8858
11.8858
11.8858
11.8858
11.8858
11.8858
11.8858
11.8858
11.8858
11.8858
11.8858
11.8858
11.8858
11.8858
11.8858
11.8858
11.8858
11.8858
11.8858
11.8858
11.8858
11.8858
11.8858
11.8858
11.8858
11.8858
11.8858
11.8858
11.8858
11.8858
11.8858
11.8858
11.8858
11.8858
11.8858
11.8858
11.8858
11.8858
11.8858
11.8858
11.8858
11.8858
11.8858
11.8858
11.8858
11.8858
11.8858
11.8858
11.8857
11.8855
11.8848
11.8829
11.8788
11.8705
11.8537
11.8218
11.7652
11.6711
11.5257
11.3168
11.0377
10.6891
10.2793
9.82497
9.34649
8.86673
8.37541
7.90731
7.43733
7.00172
6.56247
6.15778
5.78062
5.45713
5.18704
5.01385
4.85048
4.8186
4.63935
4.65691
4.37594
4.33666
4.02523
3.8504
3.58267
3.34533
3.13073
2.94313
2.78194
2.66486
2.48831
2.38253
2.45391
8.28355
995.129
999.616
999.688
999.649
999.653
999.629
999.619
999.601
999.591
999.583
999.574
999.563
999.559
999.539
999.52
999.507
999.502
999.501
999.5
999.5
999.5
999.5
999.5
999.5
999.5
999.5
999.5
999.5
999.5
999.5
999.5
999.5
999.5
999.5
999.5
999.5
999.5
999.5
999.5
999.5
999.5
999.5
999.5
999.5
999.5
999.5
999.5
999.5
999.5
999.5
999.5
999.5
999.5
999.5
999.5
999.5
999.5
999.5
999.5
999.5
999.5
999.5
999.5
999.5
999.5
999.5
999.5
999.5
999.5
999.5
999.5
999.5
999.5
999.5
999.5
999.5
999.5
999.5
999.5
999.5
999.5
999.5
999.5
999.5
999.5
999.5
999.5
999.5
999.5
999.5
999.5
999.5
999.5
999.5
999.5
999.5
999.5
999.5
999.5
999.5
999.5
999.5
999.5
999.5
999.5
999.5
999.5
999.5
999.5
999.5
999.5
999.5
999.5
999.5
999.5
999.5
999.5
999.5
999.5
999.5
999.5
999.5
999.5
999.5
999.5
999.5
999.5
999.5
999.5
999.5
999.5
999.5
999.5
999.5
999.5
999.5
999.5
999.5
999.5
999.5
999.5
999.5
999.5
999.5
999.5
999.5
999.5
999.5
999.5
999.5
999.5
999.5
999.5
999.5
999.5
999.5
999.5
999.5
999.5
999.5
999.5
999.5
999.5
999.5
999.5
999.5
999.5
999.5
999.5
999.5
999.5
999.5
999.5
999.5
999.5
999.5
999.5
999.5
999.5
999.5
999.5
999.5
999.5
999.5
999.5
999.5
999.5
999.5
999.5
999.5
999.5
999.5
999.5
999.5
999.5
999.5
999.5
999.5
999.5
999.5
999.5
999.5
999.5
999.5
999.5
999.5
999.5
999.5
999.5
999.5
999.5
999.5
999.5
999.5
999.5
999.5
999.5
999.5
999.5
999.5
999.5
999.5
999.5
999.5
999.5
999.5
999.5
999.5
999.5
999.5
999.5
999.5
999.5
999.5
999.5
999.5
999.5
999.5
999.5
999.5
999.5
999.5
999.5
999.5
999.5
999.5
999.5
999.5
999.5
999.5
999.5
999.5
999.5
999.5
999.5
999.5
999.5
999.5
999.5
999.5
999.5
999.5
999.5
999.5
999.5
999.5
999.5
999.5
999.5
999.5
999.5
999.5
999.5
999.5
999.5
999.5
999.5
999.5
999.5
999.5
999.5
999.5
999.5
999.5
999.5
999.5
999.5
999.5
999.5
999.5
999.5
999.5
999.5
999.5
999.5
999.5
999.5
999.5
999.5
999.5
999.5
999.5
999.5
999.5
999.5
999.5
999.5
999.5
999.5
999.5
999.5
999.5
999.5
999.5
999.5
999.5
999.5
999.5
999.5
999.5
999.5
999.5
999.5
999.5
999.5
999.5
999.5
999.5
999.5
999.5
999.5
999.5
999.5
999.5
999.5
999.5
999.5
999.5
999.5
999.5
999.5
999.5
999.5
999.5
999.5
999.5
999.5
999.5
999.5
999.5
999.5
999.5
999.5
999.5
999.5
999.5
999.5
999.5
999.5
999.5
999.5
999.5
999.5
999.5
999.5
999.5
999.5
999.5
999.5
999.5
999.5
999.5
999.5
999.5
999.5
999.5
999.5
999.5
999.5
999.5
999.5
999.5
999.5
999.5
999.5
999.5
999.5
999.5
999.5
999.5
999.5
999.5
999.5
999.5
999.5
999.5
999.5
999.5
999.5
999.5
)
;

boundaryField
{
    sides
    {
        type            calculated;
        value           nonuniform List<scalar> 2(999.5 11.8858);
    }
    empty1
    {
        type            empty;
    }
    empty2
    {
        type            empty;
    }
}


// ************************************************************************* //
