/*--------------------------------*- C++ -*----------------------------------*\
| =========                 |                                                 |
| \\      /  F ield         | OpenFOAM: The Open Source CFD Toolbox           |
|  \\    /   O peration     | Version:  2312                                  |
|   \\  /    A nd           | Website:  www.openfoam.com                      |
|    \\/     M anipulation  |                                                 |
\*---------------------------------------------------------------------------*/
FoamFile
{
    version     2.0;
    format      ascii;
    arch        "LSB;label=32;scalar=64";
    class       volScalarField;
    location    "5e-05";
    object      thermo:psiLiqEff;
}
// * * * * * * * * * * * * * * * * * * * * * * * * * * * * * * * * * * * * * //

dimensions      [-2 4 2 0 0 0 0];

internalField   nonuniform List<scalar> 
800
(
4.87377e-13
4.87377e-13
4.87377e-13
4.87377e-13
4.87377e-13
4.87377e-13
4.87377e-13
4.87377e-13
4.87377e-13
4.87377e-13
4.87377e-13
4.87377e-13
4.87377e-13
4.87377e-13
4.87377e-13
4.87377e-13
4.87377e-13
4.87377e-13
4.87377e-13
4.87377e-13
4.87377e-13
4.87377e-13
4.87377e-13
4.87377e-13
4.87377e-13
4.87377e-13
4.87377e-13
4.87377e-13
4.87377e-13
4.87377e-13
4.87377e-13
4.87377e-13
4.87377e-13
4.87377e-13
4.87377e-13
4.87377e-13
4.87377e-13
4.87377e-13
4.87377e-13
4.87377e-13
4.87377e-13
4.87377e-13
4.87377e-13
4.87377e-13
4.87377e-13
4.87377e-13
4.87377e-13
4.87377e-13
4.87377e-13
4.87377e-13
4.87377e-13
4.87377e-13
4.87377e-13
4.87377e-13
4.87377e-13
4.87377e-13
4.87377e-13
4.87377e-13
4.87377e-13
4.87377e-13
4.87377e-13
4.87377e-13
4.87377e-13
4.87377e-13
4.87377e-13
4.87377e-13
4.87377e-13
4.87377e-13
4.87377e-13
4.87377e-13
4.87377e-13
4.87377e-13
4.87377e-13
4.87377e-13
4.87377e-13
4.87377e-13
4.87377e-13
4.87377e-13
4.87377e-13
4.87377e-13
4.87377e-13
4.87377e-13
4.87377e-13
4.87377e-13
4.87377e-13
4.87377e-13
4.87377e-13
4.87377e-13
4.87377e-13
4.87377e-13
4.87377e-13
4.87377e-13
4.87377e-13
4.87377e-13
4.87377e-13
4.87377e-13
4.87377e-13
4.87377e-13
4.87377e-13
4.87377e-13
4.87377e-13
4.87377e-13
4.87377e-13
4.87377e-13
4.87377e-13
4.87377e-13
4.87377e-13
4.87377e-13
4.87377e-13
4.87377e-13
4.87377e-13
4.87377e-13
4.87377e-13
4.87377e-13
4.87377e-13
4.87377e-13
4.87377e-13
4.87377e-13
4.87377e-13
4.87377e-13
4.87377e-13
4.87377e-13
4.87377e-13
4.87377e-13
4.87377e-13
4.87377e-13
4.87377e-13
4.87377e-13
4.87377e-13
4.87377e-13
4.87377e-13
4.87377e-13
4.87377e-13
4.87377e-13
4.87377e-13
4.87377e-13
4.87377e-13
4.87377e-13
4.87377e-13
4.87377e-13
4.87377e-13
4.87377e-13
4.87377e-13
4.87377e-13
4.87377e-13
4.87377e-13
4.87377e-13
4.87377e-13
4.87377e-13
4.87377e-13
4.87377e-13
4.87377e-13
4.87377e-13
4.87377e-13
4.87377e-13
4.87377e-13
4.87377e-13
4.87377e-13
4.87377e-13
4.87377e-13
4.87377e-13
4.87377e-13
4.87377e-13
4.87377e-13
4.87377e-13
4.87377e-13
4.87377e-13
4.87377e-13
4.87377e-13
4.87377e-13
4.87377e-13
4.87377e-13
4.87377e-13
4.87377e-13
4.87377e-13
4.87377e-13
4.87377e-13
4.87377e-13
4.87377e-13
4.87377e-13
4.87377e-13
4.87377e-13
4.87377e-13
4.87377e-13
4.87377e-13
4.87377e-13
4.87377e-13
4.87377e-13
4.87377e-13
4.87377e-13
4.87377e-13
4.87377e-13
4.87377e-13
4.87377e-13
4.87377e-13
4.87377e-13
4.87377e-13
4.87377e-13
4.87377e-13
4.87377e-13
4.87377e-13
4.87377e-13
4.87377e-13
4.87377e-13
4.87377e-13
4.87377e-13
4.87377e-13
4.87377e-13
4.87377e-13
4.87377e-13
4.87377e-13
4.87377e-13
4.87377e-13
4.87377e-13
4.87377e-13
4.87377e-13
4.87377e-13
4.87377e-13
4.87377e-13
4.87377e-13
4.87377e-13
4.87377e-13
4.87377e-13
4.87377e-13
4.87377e-13
4.87377e-13
4.87377e-13
4.87377e-13
4.87377e-13
4.87377e-13
4.87377e-13
4.87377e-13
4.87377e-13
4.87377e-13
4.87377e-13
4.87377e-13
4.87377e-13
4.87377e-13
4.87377e-13
4.87377e-13
4.87377e-13
4.87377e-13
4.87377e-13
4.87377e-13
4.87377e-13
4.87377e-13
4.87377e-13
4.87377e-13
4.87377e-13
4.87377e-13
4.87377e-13
4.87377e-13
4.87377e-13
4.87377e-13
4.87377e-13
4.87377e-13
4.87377e-13
4.87377e-13
4.87377e-13
4.87377e-13
4.87377e-13
4.87377e-13
4.87377e-13
4.87377e-13
4.87377e-13
4.87377e-13
4.87377e-13
4.87377e-13
4.87377e-13
4.87377e-13
4.87377e-13
4.87377e-13
4.87377e-13
4.87377e-13
4.87377e-13
4.87377e-13
4.87377e-13
4.87377e-13
4.87377e-13
4.87377e-13
4.87377e-13
4.87377e-13
4.87377e-13
4.87377e-13
4.87377e-13
4.87377e-13
4.87377e-13
4.87377e-13
4.87377e-13
4.87377e-13
4.87377e-13
4.87377e-13
4.87377e-13
4.87377e-13
4.87377e-13
4.87377e-13
4.87377e-13
4.87377e-13
4.87377e-13
4.87377e-13
4.87377e-13
4.87377e-13
4.87377e-13
4.87377e-13
4.87377e-13
4.87377e-13
4.87377e-13
4.87377e-13
4.87377e-13
4.87377e-13
4.87377e-13
4.87377e-13
4.87377e-13
4.87377e-13
4.87377e-13
4.87377e-13
4.87377e-13
4.87377e-13
4.87377e-13
4.87377e-13
4.87377e-13
4.87377e-13
4.87377e-13
4.87377e-13
4.87377e-13
4.87377e-13
4.87377e-13
4.87377e-13
4.87377e-13
4.87377e-13
4.87377e-13
4.87377e-13
4.87377e-13
4.87377e-13
4.87377e-13
4.87377e-13
4.87377e-13
4.87377e-13
4.87377e-13
4.87377e-13
4.87377e-13
4.87377e-13
4.87377e-13
4.87377e-13
4.87377e-13
4.87377e-13
4.87377e-13
4.87377e-13
4.87377e-13
4.87377e-13
4.87377e-13
4.87377e-13
4.87377e-13
4.87378e-13
4.87378e-13
4.87382e-13
4.87404e-13
4.87475e-13
4.87595e-13
4.87836e-13
4.88296e-13
4.89125e-13
4.90523e-13
4.9273e-13
4.95995e-13
5.00531e-13
5.06476e-13
5.13877e-13
5.22681e-13
5.32687e-13
5.43666e-13
5.55494e-13
5.6799e-13
5.8129e-13
5.94919e-13
6.09418e-13
6.2405e-13
6.39112e-13
6.52923e-13
6.64294e-13
6.71782e-13
6.76014e-13
6.75045e-13
6.695e-13
6.67036e-13
6.49372e-13
6.4022e-13
6.09662e-13
5.86478e-13
5.4964e-13
5.15384e-13
4.80383e-13
4.48667e-13
4.22157e-13
4.01921e-13
3.9042e-13
3.77513e-13
3.78141e-13
4.80006e-13
4.87851e-13
4.7895e-13
4.85628e-13
4.87318e-13
4.87513e-13
4.87538e-13
4.87576e-13
4.87599e-13
4.87626e-13
4.87646e-13
4.87659e-13
4.87676e-13
4.87694e-13
4.87702e-13
4.87737e-13
4.87769e-13
4.87792e-13
4.87801e-13
4.87804e-13
4.87805e-13
4.87805e-13
4.87805e-13
4.87805e-13
4.87805e-13
4.87805e-13
4.87805e-13
4.87805e-13
4.87805e-13
4.87805e-13
4.87805e-13
4.87805e-13
4.87805e-13
4.87805e-13
4.87805e-13
4.87805e-13
4.87805e-13
4.87805e-13
4.87805e-13
4.87805e-13
4.87805e-13
4.87805e-13
4.87805e-13
4.87805e-13
4.87805e-13
4.87805e-13
4.87805e-13
4.87805e-13
4.87805e-13
4.87805e-13
4.87805e-13
4.87805e-13
4.87805e-13
4.87805e-13
4.87805e-13
4.87805e-13
4.87805e-13
4.87805e-13
4.87805e-13
4.87805e-13
4.87805e-13
4.87805e-13
4.87805e-13
4.87805e-13
4.87805e-13
4.87805e-13
4.87805e-13
4.87805e-13
4.87805e-13
4.87805e-13
4.87805e-13
4.87805e-13
4.87805e-13
4.87805e-13
4.87805e-13
4.87805e-13
4.87805e-13
4.87805e-13
4.87805e-13
4.87805e-13
4.87805e-13
4.87805e-13
4.87805e-13
4.87805e-13
4.87805e-13
4.87805e-13
4.87805e-13
4.87805e-13
4.87805e-13
4.87805e-13
4.87805e-13
4.87805e-13
4.87805e-13
4.87805e-13
4.87805e-13
4.87805e-13
4.87805e-13
4.87805e-13
4.87805e-13
4.87805e-13
4.87805e-13
4.87805e-13
4.87805e-13
4.87805e-13
4.87805e-13
4.87805e-13
4.87805e-13
4.87805e-13
4.87805e-13
4.87805e-13
4.87805e-13
4.87805e-13
4.87805e-13
4.87805e-13
4.87805e-13
4.87805e-13
4.87805e-13
4.87805e-13
4.87805e-13
4.87805e-13
4.87805e-13
4.87805e-13
4.87805e-13
4.87805e-13
4.87805e-13
4.87805e-13
4.87805e-13
4.87805e-13
4.87805e-13
4.87805e-13
4.87805e-13
4.87805e-13
4.87805e-13
4.87805e-13
4.87805e-13
4.87805e-13
4.87805e-13
4.87805e-13
4.87805e-13
4.87805e-13
4.87805e-13
4.87805e-13
4.87805e-13
4.87805e-13
4.87805e-13
4.87805e-13
4.87805e-13
4.87805e-13
4.87805e-13
4.87805e-13
4.87805e-13
4.87805e-13
4.87805e-13
4.87805e-13
4.87805e-13
4.87805e-13
4.87805e-13
4.87805e-13
4.87805e-13
4.87805e-13
4.87805e-13
4.87805e-13
4.87805e-13
4.87805e-13
4.87805e-13
4.87805e-13
4.87805e-13
4.87805e-13
4.87805e-13
4.87805e-13
4.87805e-13
4.87805e-13
4.87805e-13
4.87805e-13
4.87805e-13
4.87805e-13
4.87805e-13
4.87805e-13
4.87805e-13
4.87805e-13
4.87805e-13
4.87805e-13
4.87805e-13
4.87805e-13
4.87805e-13
4.87805e-13
4.87805e-13
4.87805e-13
4.87805e-13
4.87805e-13
4.87805e-13
4.87805e-13
4.87805e-13
4.87805e-13
4.87805e-13
4.87805e-13
4.87805e-13
4.87805e-13
4.87805e-13
4.87805e-13
4.87805e-13
4.87805e-13
4.87805e-13
4.87805e-13
4.87805e-13
4.87805e-13
4.87805e-13
4.87805e-13
4.87805e-13
4.87805e-13
4.87805e-13
4.87805e-13
4.87805e-13
4.87805e-13
4.87805e-13
4.87805e-13
4.87805e-13
4.87805e-13
4.87805e-13
4.87805e-13
4.87805e-13
4.87805e-13
4.87805e-13
4.87805e-13
4.87805e-13
4.87805e-13
4.87805e-13
4.87805e-13
4.87805e-13
4.87805e-13
4.87805e-13
4.87805e-13
4.87805e-13
4.87805e-13
4.87805e-13
4.87805e-13
4.87805e-13
4.87805e-13
4.87805e-13
4.87805e-13
4.87805e-13
4.87805e-13
4.87805e-13
4.87805e-13
4.87805e-13
4.87805e-13
4.87805e-13
4.87805e-13
4.87805e-13
4.87805e-13
4.87805e-13
4.87805e-13
4.87805e-13
4.87805e-13
4.87805e-13
4.87805e-13
4.87805e-13
4.87805e-13
4.87805e-13
4.87805e-13
4.87805e-13
4.87805e-13
4.87805e-13
4.87805e-13
4.87805e-13
4.87805e-13
4.87805e-13
4.87805e-13
4.87805e-13
4.87805e-13
4.87805e-13
4.87805e-13
4.87805e-13
4.87805e-13
4.87805e-13
4.87805e-13
4.87805e-13
4.87805e-13
4.87805e-13
4.87805e-13
4.87805e-13
4.87805e-13
4.87805e-13
4.87805e-13
4.87805e-13
4.87805e-13
4.87805e-13
4.87805e-13
4.87805e-13
4.87805e-13
4.87805e-13
4.87805e-13
4.87805e-13
4.87805e-13
4.87805e-13
4.87805e-13
4.87805e-13
4.87805e-13
4.87805e-13
4.87805e-13
4.87805e-13
4.87805e-13
4.87805e-13
4.87805e-13
4.87805e-13
4.87805e-13
4.87805e-13
4.87805e-13
4.87805e-13
4.87805e-13
4.87805e-13
4.87805e-13
4.87805e-13
4.87805e-13
4.87805e-13
4.87805e-13
4.87805e-13
4.87805e-13
4.87805e-13
4.87805e-13
4.87805e-13
4.87805e-13
4.87805e-13
4.87805e-13
4.87805e-13
4.87805e-13
4.87805e-13
4.87805e-13
4.87805e-13
4.87805e-13
4.87805e-13
4.87805e-13
4.87805e-13
4.87805e-13
4.87805e-13
4.87805e-13
4.87805e-13
4.87805e-13
4.87805e-13
4.87805e-13
4.87805e-13
4.87805e-13
4.87805e-13
4.87805e-13
4.87805e-13
4.87805e-13
4.87805e-13
4.87805e-13
4.87805e-13
4.87805e-13
4.87805e-13
4.87805e-13
4.87805e-13
4.87805e-13
4.87805e-13
4.87805e-13
4.87805e-13
4.87805e-13
4.87805e-13
4.87805e-13
4.87805e-13
4.87805e-13
4.87805e-13
4.87805e-13
4.87805e-13
4.87805e-13
4.87805e-13
4.87805e-13
4.87805e-13
4.87805e-13
4.87805e-13
4.87805e-13
4.87805e-13
4.87805e-13
4.87805e-13
4.87805e-13
4.87805e-13
4.87805e-13
4.87805e-13
4.87805e-13
4.87805e-13
4.87805e-13
4.87805e-13
4.87805e-13
4.87805e-13
4.87805e-13
4.87805e-13
4.87805e-13
4.87805e-13
4.87805e-13
4.87805e-13
4.87805e-13
4.87805e-13
4.87805e-13
4.87805e-13
4.87805e-13
4.87805e-13
4.87805e-13
4.87805e-13
4.87805e-13
4.87805e-13
4.87805e-13
)
;

boundaryField
{
    sides
    {
        type            calculated;
        value           nonuniform List<scalar> 2(4.87805e-13 4.87377e-13);
    }
    empty1
    {
        type            empty;
    }
    empty2
    {
        type            empty;
    }
}


// ************************************************************************* //
