/*--------------------------------*- C++ -*----------------------------------*\
| =========                 |                                                 |
| \\      /  F ield         | OpenFOAM: The Open Source CFD Toolbox           |
|  \\    /   O peration     | Version:  2312                                  |
|   \\  /    A nd           | Website:  www.openfoam.com                      |
|    \\/     M anipulation  |                                                 |
\*---------------------------------------------------------------------------*/
FoamFile
{
    version     2.0;
    format      ascii;
    arch        "LSB;label=32;scalar=64";
    class       volScalarField;
    location    "5e-05";
    object      thermo:psiGasEff;
}
// * * * * * * * * * * * * * * * * * * * * * * * * * * * * * * * * * * * * * //

dimensions      [-2 4 2 0 0 0 0];

internalField   nonuniform List<scalar> 
800
(
8.4134e-08
8.4134e-08
8.4134e-08
8.4134e-08
8.4134e-08
8.41341e-08
8.41341e-08
8.4134e-08
8.4134e-08
8.4134e-08
8.41341e-08
8.4134e-08
8.41341e-08
8.41341e-08
8.4134e-08
8.4134e-08
8.4134e-08
8.4134e-08
8.4134e-08
8.4134e-08
8.4134e-08
8.4134e-08
8.4134e-08
8.41341e-08
8.41341e-08
8.4134e-08
8.4134e-08
8.4134e-08
8.41341e-08
8.41341e-08
8.4134e-08
8.41341e-08
8.4134e-08
8.4134e-08
8.4134e-08
8.41341e-08
8.4134e-08
8.4134e-08
8.4134e-08
8.4134e-08
8.4134e-08
8.4134e-08
8.4134e-08
8.4134e-08
8.4134e-08
8.4134e-08
8.4134e-08
8.4134e-08
8.4134e-08
8.4134e-08
8.41341e-08
8.4134e-08
8.4134e-08
8.4134e-08
8.4134e-08
8.41341e-08
8.4134e-08
8.4134e-08
8.4134e-08
8.4134e-08
8.4134e-08
8.4134e-08
8.4134e-08
8.4134e-08
8.4134e-08
8.4134e-08
8.41341e-08
8.4134e-08
8.4134e-08
8.41341e-08
8.4134e-08
8.4134e-08
8.4134e-08
8.4134e-08
8.4134e-08
8.41341e-08
8.4134e-08
8.4134e-08
8.41341e-08
8.4134e-08
8.4134e-08
8.4134e-08
8.4134e-08
8.41341e-08
8.4134e-08
8.4134e-08
8.4134e-08
8.4134e-08
8.4134e-08
8.4134e-08
8.4134e-08
8.41341e-08
8.4134e-08
8.4134e-08
8.4134e-08
8.4134e-08
8.41341e-08
8.4134e-08
8.41341e-08
8.4134e-08
8.4134e-08
8.4134e-08
8.4134e-08
8.4134e-08
8.4134e-08
8.4134e-08
8.4134e-08
8.41341e-08
8.4134e-08
8.4134e-08
8.4134e-08
8.4134e-08
8.4134e-08
8.4134e-08
8.4134e-08
8.4134e-08
8.4134e-08
8.4134e-08
8.4134e-08
8.4134e-08
8.4134e-08
8.4134e-08
8.4134e-08
8.4134e-08
8.4134e-08
8.4134e-08
8.4134e-08
8.4134e-08
8.41341e-08
8.4134e-08
8.4134e-08
8.4134e-08
8.41341e-08
8.4134e-08
8.4134e-08
8.4134e-08
8.4134e-08
8.4134e-08
8.4134e-08
8.4134e-08
8.4134e-08
8.41341e-08
8.4134e-08
8.4134e-08
8.4134e-08
8.41341e-08
8.4134e-08
8.4134e-08
8.4134e-08
8.4134e-08
8.4134e-08
8.4134e-08
8.4134e-08
8.4134e-08
8.41341e-08
8.4134e-08
8.4134e-08
8.41341e-08
8.4134e-08
8.41341e-08
8.4134e-08
8.4134e-08
8.4134e-08
8.4134e-08
8.4134e-08
8.4134e-08
8.4134e-08
8.41341e-08
8.4134e-08
8.4134e-08
8.4134e-08
8.41341e-08
8.4134e-08
8.4134e-08
8.4134e-08
8.4134e-08
8.41341e-08
8.4134e-08
8.4134e-08
8.4134e-08
8.4134e-08
8.41341e-08
8.4134e-08
8.41341e-08
8.4134e-08
8.4134e-08
8.4134e-08
8.4134e-08
8.4134e-08
8.4134e-08
8.4134e-08
8.4134e-08
8.4134e-08
8.4134e-08
8.4134e-08
8.4134e-08
8.4134e-08
8.4134e-08
8.4134e-08
8.4134e-08
8.41341e-08
8.4134e-08
8.4134e-08
8.4134e-08
8.4134e-08
8.4134e-08
8.4134e-08
8.4134e-08
8.4134e-08
8.41341e-08
8.4134e-08
8.4134e-08
8.4134e-08
8.4134e-08
8.4134e-08
8.4134e-08
8.4134e-08
8.41341e-08
8.4134e-08
8.4134e-08
8.4134e-08
8.4134e-08
8.4134e-08
8.4134e-08
8.4134e-08
8.4134e-08
8.41341e-08
8.4134e-08
8.4134e-08
8.4134e-08
8.4134e-08
8.41341e-08
8.4134e-08
8.4134e-08
8.41341e-08
8.4134e-08
8.4134e-08
8.4134e-08
8.4134e-08
8.41341e-08
8.4134e-08
8.4134e-08
8.41341e-08
8.41341e-08
8.4134e-08
8.4134e-08
8.4134e-08
8.4134e-08
8.4134e-08
8.4134e-08
8.4134e-08
8.4134e-08
8.41341e-08
8.4134e-08
8.4134e-08
8.4134e-08
8.4134e-08
8.4134e-08
8.4134e-08
8.41341e-08
8.4134e-08
8.4134e-08
8.4134e-08
8.4134e-08
8.4134e-08
8.4134e-08
8.4134e-08
8.4134e-08
8.4134e-08
8.4134e-08
8.4134e-08
8.4134e-08
8.4134e-08
8.4134e-08
8.4134e-08
8.4134e-08
8.4134e-08
8.4134e-08
8.4134e-08
8.4134e-08
8.4134e-08
8.4134e-08
8.4134e-08
8.4134e-08
8.4134e-08
8.4134e-08
8.4134e-08
8.4134e-08
8.4134e-08
8.4134e-08
8.4134e-08
8.4134e-08
8.41341e-08
8.4134e-08
8.4134e-08
8.4134e-08
8.4134e-08
8.4134e-08
8.4134e-08
8.4134e-08
8.4134e-08
8.4134e-08
8.4134e-08
8.4134e-08
8.41341e-08
8.4134e-08
8.4134e-08
8.4134e-08
8.4134e-08
8.4134e-08
8.4134e-08
8.4134e-08
8.4134e-08
8.4134e-08
8.4134e-08
8.4134e-08
8.4134e-08
8.4134e-08
8.4134e-08
8.4134e-08
8.4134e-08
8.4134e-08
8.41341e-08
8.4134e-08
8.41341e-08
8.4134e-08
8.4134e-08
8.4134e-08
8.4134e-08
8.41341e-08
8.4134e-08
8.4134e-08
8.4134e-08
8.4134e-08
8.4134e-08
8.4134e-08
8.4134e-08
8.41341e-08
8.4134e-08
8.4134e-08
8.41341e-08
8.4134e-08
8.4134e-08
8.4134e-08
8.41341e-08
8.41341e-08
8.41341e-08
8.41341e-08
8.41341e-08
8.41341e-08
8.41341e-08
8.41341e-08
8.41341e-08
8.41342e-08
8.4135e-08
8.41384e-08
8.41522e-08
8.4192e-08
8.42706e-08
8.44306e-08
8.47497e-08
8.53515e-08
8.64216e-08
8.82152e-08
9.10531e-08
9.53065e-08
1.01376e-07
1.09672e-07
1.20617e-07
1.34553e-07
1.51741e-07
1.72267e-07
1.97406e-07
2.26646e-07
2.62192e-07
3.03029e-07
3.5322e-07
4.10841e-07
4.76261e-07
5.43689e-07
6.08552e-07
6.55413e-07
6.99293e-07
7.02757e-07
7.55307e-07
7.29775e-07
8.14834e-07
7.90064e-07
8.82153e-07
9.03517e-07
9.78545e-07
1.04609e-06
1.11555e-06
1.1877e-06
1.26558e-06
1.33975e-06
1.48581e-06
1.62334e-06
1.94248e-06
3.01311e-06
1.6309e-07
6.39406e-07
3.5654e-07
5.11541e-07
4.88626e-07
6.35346e-07
7.10611e-07
8.90193e-07
1.01938e-06
1.15338e-06
1.3288e-06
1.58832e-06
1.72905e-06
2.61635e-06
4.17701e-06
6.35261e-06
7.64322e-06
8.18764e-06
8.36474e-06
8.41207e-06
8.42031e-06
8.41977e-06
8.4177e-06
8.4153e-06
8.41427e-06
8.41381e-06
8.4136e-06
8.41349e-06
8.41344e-06
8.41341e-06
8.4134e-06
8.41339e-06
8.41339e-06
8.41338e-06
8.41338e-06
8.41338e-06
8.41338e-06
8.41338e-06
8.41338e-06
8.41338e-06
8.41338e-06
8.41338e-06
8.41338e-06
8.41338e-06
8.41338e-06
8.41338e-06
8.41338e-06
8.41338e-06
8.41338e-06
8.41338e-06
8.41338e-06
8.41338e-06
8.41338e-06
8.41338e-06
8.41338e-06
8.41338e-06
8.41338e-06
8.41338e-06
8.41338e-06
8.41338e-06
8.41337e-06
8.41337e-06
8.41337e-06
8.41337e-06
8.41337e-06
8.41337e-06
8.41337e-06
8.41337e-06
8.41337e-06
8.41337e-06
8.41337e-06
8.41337e-06
8.41337e-06
8.41337e-06
8.41337e-06
8.41337e-06
8.41337e-06
8.41337e-06
8.41337e-06
8.41337e-06
8.41337e-06
8.41337e-06
8.41337e-06
8.41337e-06
8.41337e-06
8.41337e-06
8.41337e-06
8.41337e-06
8.41337e-06
8.41337e-06
8.41337e-06
8.41337e-06
8.41337e-06
8.41337e-06
8.41337e-06
8.41337e-06
8.41337e-06
8.41337e-06
8.41337e-06
8.41337e-06
8.41337e-06
8.41338e-06
8.41338e-06
8.41338e-06
8.41338e-06
8.41337e-06
8.41338e-06
8.41338e-06
8.41338e-06
8.41338e-06
8.41338e-06
8.41338e-06
8.41338e-06
8.41338e-06
8.41338e-06
8.41338e-06
8.41338e-06
8.41338e-06
8.41338e-06
8.41338e-06
8.41338e-06
8.41338e-06
8.41338e-06
8.41338e-06
8.41338e-06
8.41338e-06
8.41338e-06
8.41338e-06
8.41338e-06
8.41338e-06
8.41338e-06
8.41338e-06
8.41338e-06
8.41338e-06
8.41338e-06
8.41338e-06
8.41338e-06
8.41338e-06
8.41338e-06
8.41338e-06
8.41338e-06
8.41338e-06
8.41338e-06
8.41338e-06
8.41338e-06
8.41338e-06
8.41338e-06
8.41338e-06
8.41338e-06
8.41338e-06
8.41338e-06
8.41338e-06
8.41338e-06
8.41338e-06
8.41338e-06
8.41338e-06
8.41338e-06
8.41338e-06
8.41338e-06
8.41338e-06
8.41338e-06
8.41338e-06
8.41338e-06
8.41338e-06
8.41338e-06
8.41338e-06
8.41338e-06
8.41338e-06
8.41338e-06
8.41338e-06
8.41338e-06
8.41338e-06
8.41338e-06
8.41338e-06
8.41338e-06
8.41338e-06
8.41338e-06
8.41338e-06
8.41338e-06
8.41338e-06
8.41338e-06
8.41338e-06
8.41338e-06
8.41338e-06
8.41338e-06
8.41338e-06
8.41338e-06
8.41338e-06
8.41338e-06
8.41338e-06
8.41338e-06
8.41338e-06
8.41338e-06
8.41338e-06
8.41338e-06
8.41338e-06
8.41338e-06
8.41338e-06
8.41338e-06
8.41338e-06
8.41338e-06
8.41338e-06
8.41338e-06
8.41338e-06
8.41338e-06
8.41338e-06
8.41338e-06
8.41338e-06
8.41338e-06
8.41338e-06
8.41338e-06
8.41338e-06
8.41338e-06
8.41338e-06
8.41338e-06
8.41338e-06
8.41338e-06
8.41338e-06
8.41338e-06
8.41338e-06
8.41338e-06
8.41338e-06
8.41338e-06
8.41338e-06
8.41338e-06
8.41338e-06
8.41338e-06
8.41338e-06
8.41338e-06
8.41338e-06
8.41338e-06
8.41338e-06
8.41338e-06
8.41338e-06
8.41338e-06
8.41338e-06
8.41338e-06
8.41338e-06
8.41338e-06
8.41338e-06
8.41338e-06
8.41338e-06
8.41338e-06
8.41338e-06
8.41338e-06
8.41338e-06
8.41338e-06
8.41338e-06
8.41339e-06
8.41339e-06
8.41339e-06
8.41339e-06
8.41339e-06
8.41339e-06
8.41339e-06
8.41339e-06
8.41338e-06
8.41338e-06
8.41338e-06
8.41338e-06
8.41338e-06
8.41338e-06
8.41338e-06
8.41338e-06
8.41338e-06
8.41338e-06
8.41338e-06
8.41338e-06
8.41338e-06
8.41338e-06
8.41338e-06
8.41339e-06
8.41339e-06
8.41339e-06
8.41339e-06
8.41338e-06
8.41338e-06
8.41338e-06
8.41339e-06
8.41339e-06
8.41339e-06
8.41338e-06
8.41338e-06
8.41338e-06
8.41338e-06
8.41339e-06
8.41339e-06
8.41339e-06
8.41339e-06
8.41339e-06
8.41339e-06
8.41339e-06
8.41339e-06
8.41339e-06
8.41339e-06
8.41339e-06
8.41339e-06
8.41339e-06
8.41339e-06
8.41339e-06
8.41339e-06
8.41339e-06
8.41339e-06
8.41339e-06
8.41339e-06
8.41339e-06
8.41338e-06
8.41339e-06
8.41339e-06
8.41338e-06
8.41338e-06
8.41338e-06
8.41338e-06
8.41338e-06
8.41338e-06
8.41339e-06
8.41339e-06
8.41339e-06
8.41339e-06
8.41339e-06
8.41339e-06
8.41339e-06
8.41338e-06
8.41338e-06
8.41338e-06
8.41338e-06
8.41338e-06
8.41338e-06
8.41338e-06
8.41338e-06
8.41338e-06
8.41338e-06
8.41338e-06
8.41338e-06
8.41338e-06
8.41338e-06
8.41338e-06
8.41338e-06
8.41338e-06
8.41338e-06
8.41339e-06
8.41339e-06
8.41339e-06
8.41339e-06
8.41339e-06
8.41339e-06
8.41339e-06
8.41339e-06
8.41339e-06
8.41339e-06
8.41339e-06
8.41339e-06
8.41339e-06
8.41339e-06
8.41339e-06
8.41339e-06
8.41339e-06
8.41339e-06
8.41339e-06
8.41339e-06
8.41339e-06
8.41339e-06
8.41339e-06
8.41339e-06
8.41338e-06
8.41338e-06
8.41338e-06
8.41338e-06
8.41338e-06
8.41338e-06
8.41338e-06
8.41338e-06
8.41338e-06
8.41338e-06
8.41338e-06
8.41338e-06
8.41338e-06
8.41338e-06
8.41338e-06
8.41338e-06
8.41338e-06
8.41338e-06
8.41338e-06
8.41338e-06
8.41338e-06
8.41338e-06
8.41338e-06
8.41338e-06
8.41338e-06
8.41338e-06
8.41338e-06
8.41338e-06
8.41338e-06
8.41338e-06
8.41338e-06
8.41338e-06
8.41338e-06
8.41338e-06
8.41338e-06
8.41338e-06
)
;

boundaryField
{
    sides
    {
        type            calculated;
        value           nonuniform List<scalar> 2(8.41338e-06 8.4134e-08);
    }
    empty1
    {
        type            empty;
    }
    empty2
    {
        type            empty;
    }
}


// ************************************************************************* //
