/*--------------------------------*- C++ -*----------------------------------*\
| =========                 |                                                 |
| \\      /  F ield         | OpenFOAM: The Open Source CFD Toolbox           |
|  \\    /   O peration     | Version:  2312                                  |
|   \\  /    A nd           | Website:  www.openfoam.com                      |
|    \\/     M anipulation  |                                                 |
\*---------------------------------------------------------------------------*/
FoamFile
{
    version     2.0;
    format      ascii;
    arch        "LSB;label=32;scalar=64";
    class       surfaceScalarField;
    location    "5e-05";
    object      aSf;
}
// * * * * * * * * * * * * * * * * * * * * * * * * * * * * * * * * * * * * * //

dimensions      [0 3 -1 0 0 0 0];

oriented        oriented;

internalField   nonuniform List<scalar> 
799
(
-0.0171704
-0.0171704
-0.0171704
-0.0171704
-0.0171704
-0.0171704
-0.0171704
-0.0171704
-0.0171704
-0.0171704
-0.0171704
-0.0171704
-0.0171704
-0.0171704
-0.0171704
-0.0171704
-0.0171704
-0.0171704
-0.0171704
-0.0171704
-0.0171704
-0.0171704
-0.0171704
-0.0171704
-0.0171704
-0.0171704
-0.0171704
-0.0171704
-0.0171704
-0.0171704
-0.0171704
-0.0171704
-0.0171704
-0.0171704
-0.0171704
-0.0171704
-0.0171704
-0.0171704
-0.0171704
-0.0171704
-0.0171704
-0.0171704
-0.0171704
-0.0171704
-0.0171704
-0.0171704
-0.0171704
-0.0171704
-0.0171704
-0.0171704
-0.0171704
-0.0171704
-0.0171704
-0.0171704
-0.0171704
-0.0171704
-0.0171704
-0.0171704
-0.0171704
-0.0171704
-0.0171704
-0.0171704
-0.0171704
-0.0171704
-0.0171704
-0.0171704
-0.0171704
-0.0171704
-0.0171704
-0.0171704
-0.0171704
-0.0171704
-0.0171704
-0.0171704
-0.0171704
-0.0171704
-0.0171704
-0.0171704
-0.0171704
-0.0171704
-0.0171704
-0.0171704
-0.0171704
-0.0171704
-0.0171704
-0.0171704
-0.0171704
-0.0171704
-0.0171704
-0.0171704
-0.0171704
-0.0171704
-0.0171704
-0.0171704
-0.0171704
-0.0171704
-0.0171704
-0.0171704
-0.0171704
-0.0171704
-0.0171704
-0.0171704
-0.0171704
-0.0171704
-0.0171704
-0.0171704
-0.0171704
-0.0171704
-0.0171704
-0.0171704
-0.0171704
-0.0171704
-0.0171704
-0.0171704
-0.0171704
-0.0171704
-0.0171704
-0.0171704
-0.0171704
-0.0171704
-0.0171704
-0.0171704
-0.0171704
-0.0171704
-0.0171704
-0.0171704
-0.0171704
-0.0171704
-0.0171704
-0.0171704
-0.0171704
-0.0171704
-0.0171704
-0.0171704
-0.0171704
-0.0171704
-0.0171704
-0.0171704
-0.0171704
-0.0171704
-0.0171704
-0.0171704
-0.0171704
-0.0171704
-0.0171704
-0.0171704
-0.0171704
-0.0171704
-0.0171704
-0.0171704
-0.0171704
-0.0171704
-0.0171704
-0.0171704
-0.0171704
-0.0171704
-0.0171704
-0.0171704
-0.0171704
-0.0171704
-0.0171704
-0.0171704
-0.0171704
-0.0171704
-0.0171704
-0.0171704
-0.0171704
-0.0171704
-0.0171704
-0.0171704
-0.0171704
-0.0171704
-0.0171704
-0.0171704
-0.0171704
-0.0171704
-0.0171704
-0.0171704
-0.0171704
-0.0171704
-0.0171704
-0.0171704
-0.0171704
-0.0171704
-0.0171704
-0.0171704
-0.0171704
-0.0171704
-0.0171704
-0.0171704
-0.0171704
-0.0171704
-0.0171704
-0.0171704
-0.0171704
-0.0171704
-0.0171704
-0.0171704
-0.0171704
-0.0171704
-0.0171704
-0.0171704
-0.0171704
-0.0171704
-0.0171704
-0.0171704
-0.0171704
-0.0171704
-0.0171704
-0.0171704
-0.0171704
-0.0171704
-0.0171704
-0.0171704
-0.0171704
-0.0171704
-0.0171704
-0.0171704
-0.0171704
-0.0171704
-0.0171704
-0.0171704
-0.0171704
-0.0171704
-0.0171704
-0.0171704
-0.0171704
-0.0171704
-0.0171704
-0.0171704
-0.0171704
-0.0171704
-0.0171704
-0.0171704
-0.0171704
-0.0171704
-0.0171704
-0.0171704
-0.0171704
-0.0171704
-0.0171704
-0.0171704
-0.0171704
-0.0171704
-0.0171704
-0.0171704
-0.0171704
-0.0171704
-0.0171704
-0.0171704
-0.0171704
-0.0171704
-0.0171704
-0.0171704
-0.0171704
-0.0171704
-0.0171704
-0.0171704
-0.0171704
-0.0171704
-0.0171704
-0.0171704
-0.0171704
-0.0171704
-0.0171704
-0.0171704
-0.0171704
-0.0171704
-0.0171704
-0.0171704
-0.0171704
-0.0171704
-0.0171704
-0.0171704
-0.0171704
-0.0171704
-0.0171704
-0.0171704
-0.0171704
-0.0171704
-0.0171704
-0.0171704
-0.0171704
-0.0171704
-0.0171704
-0.0171704
-0.0171704
-0.0171704
-0.0171704
-0.0171704
-0.0171704
-0.0171704
-0.0171704
-0.0171704
-0.0171704
-0.0171704
-0.0171704
-0.0171704
-0.0171704
-0.0171704
-0.0171704
-0.0171704
-0.0171704
-0.0171704
-0.0171704
-0.0171704
-0.0171704
-0.0171704
-0.0171704
-0.0171704
-0.0171704
-0.0171704
-0.0171704
-0.0171704
-0.0171704
-0.0171704
-0.0171704
-0.0171704
-0.0171704
-0.0171704
-0.0171704
-0.0171704
-0.0171704
-0.0171704
-0.0171704
-0.0171704
-0.0171704
-0.0171704
-0.0171704
-0.0171704
-0.0171704
-0.0171704
-0.0171704
-0.0171704
-0.0171704
-0.0171704
-0.0171704
-0.0171704
-0.0171704
-0.0171704
-0.0171704
-0.0171704
-0.0171704
-0.0171704
-0.0171704
-0.0171704
-0.0171704
-0.0171704
-0.0171704
-0.0171704
-0.0171704
-0.0171704
-0.0171704
-0.0171704
-0.0171704
-0.0171704
-0.01717
-0.0171686
-0.0171666
-0.0171625
-0.0171541
-0.0171384
-0.0171101
-0.0170618
-0.0169824
-0.0168571
-0.0166678
-0.016394
-0.016019
-0.0155298
-0.0149268
-0.0141926
-0.0133214
-0.0123041
-0.0111454
-0.00982842
-0.00836227
-0.00679347
-0.0052245
-0.00379163
-0.00266419
-0.00189535
-0.00168205
-0.00172845
-0.00151662
-0.00206409
-0.00161487
-0.0027066
-0.00252621
-0.00363551
-0.00427066
-0.00532798
-0.00637839
-0.0073141
-0.00803811
-0.00888074
-0.0105102
-0.0133136
-0.0140741
-0.0110134
-0.05855
-0.0733146
-0.0733223
-0.0733203
-0.0733205
-0.0733198
-0.0733202
-0.0733202
-0.0733188
-0.0733194
-0.073317
-0.0733152
-0.0733123
-0.0733112
-0.0733107
-0.0733105
-0.0733105
-0.0733104
-0.0733104
-0.0733104
-0.0733104
-0.0733104
-0.0733104
-0.0733104
-0.0733104
-0.0733104
-0.0733104
-0.0733104
-0.0733104
-0.0733104
-0.0733104
-0.0733104
-0.0733104
-0.0733104
-0.0733104
-0.0733104
-0.0733104
-0.0733104
-0.0733104
-0.0733104
-0.0733104
-0.0733104
-0.0733104
-0.0733104
-0.0733104
-0.0733104
-0.0733104
-0.0733104
-0.0733104
-0.0733104
-0.0733104
-0.0733104
-0.0733104
-0.0733104
-0.0733104
-0.0733104
-0.0733104
-0.0733104
-0.0733104
-0.0733104
-0.0733104
-0.0733104
-0.0733104
-0.0733104
-0.0733104
-0.0733104
-0.0733104
-0.0733104
-0.0733104
-0.0733104
-0.0733104
-0.0733104
-0.0733104
-0.0733104
-0.0733104
-0.0733104
-0.0733104
-0.0733104
-0.0733104
-0.0733104
-0.0733104
-0.0733104
-0.0733104
-0.0733104
-0.0733104
-0.0733104
-0.0733104
-0.0733104
-0.0733104
-0.0733104
-0.0733104
-0.0733104
-0.0733104
-0.0733104
-0.0733104
-0.0733104
-0.0733104
-0.0733104
-0.0733104
-0.0733104
-0.0733104
-0.0733104
-0.0733104
-0.0733104
-0.0733104
-0.0733104
-0.0733104
-0.0733104
-0.0733104
-0.0733104
-0.0733104
-0.0733104
-0.0733104
-0.0733104
-0.0733104
-0.0733104
-0.0733104
-0.0733104
-0.0733104
-0.0733104
-0.0733104
-0.0733104
-0.0733104
-0.0733104
-0.0733104
-0.0733104
-0.0733104
-0.0733104
-0.0733104
-0.0733104
-0.0733104
-0.0733104
-0.0733104
-0.0733104
-0.0733104
-0.0733104
-0.0733104
-0.0733104
-0.0733104
-0.0733104
-0.0733104
-0.0733104
-0.0733104
-0.0733104
-0.0733104
-0.0733104
-0.0733104
-0.0733104
-0.0733104
-0.0733104
-0.0733104
-0.0733104
-0.0733104
-0.0733104
-0.0733104
-0.0733104
-0.0733104
-0.0733104
-0.0733104
-0.0733104
-0.0733104
-0.0733104
-0.0733104
-0.0733104
-0.0733104
-0.0733104
-0.0733104
-0.0733104
-0.0733104
-0.0733104
-0.0733104
-0.0733104
-0.0733104
-0.0733104
-0.0733104
-0.0733104
-0.0733104
-0.0733104
-0.0733104
-0.0733104
-0.0733104
-0.0733104
-0.0733104
-0.0733104
-0.0733104
-0.0733104
-0.0733104
-0.0733104
-0.0733104
-0.0733104
-0.0733104
-0.0733104
-0.0733104
-0.0733104
-0.0733104
-0.0733104
-0.0733104
-0.0733104
-0.0733104
-0.0733104
-0.0733104
-0.0733104
-0.0733104
-0.0733104
-0.0733104
-0.0733104
-0.0733104
-0.0733104
-0.0733104
-0.0733104
-0.0733104
-0.0733104
-0.0733104
-0.0733104
-0.0733104
-0.0733104
-0.0733104
-0.0733104
-0.0733104
-0.0733104
-0.0733104
-0.0733104
-0.0733104
-0.0733104
-0.0733104
-0.0733104
-0.0733104
-0.0733104
-0.0733104
-0.0733104
-0.0733104
-0.0733104
-0.0733104
-0.0733104
-0.0733104
-0.0733104
-0.0733104
-0.0733104
-0.0733104
-0.0733104
-0.0733104
-0.0733104
-0.0733104
-0.0733104
-0.0733104
-0.0733104
-0.0733104
-0.0733104
-0.0733104
-0.0733104
-0.0733104
-0.0733104
-0.0733104
-0.0733104
-0.0733104
-0.0733104
-0.0733104
-0.0733104
-0.0733104
-0.0733104
-0.0733104
-0.0733104
-0.0733104
-0.0733104
-0.0733104
-0.0733104
-0.0733104
-0.0733104
-0.0733104
-0.0733104
-0.0733104
-0.0733104
-0.0733104
-0.0733104
-0.0733104
-0.0733104
-0.0733104
-0.0733104
-0.0733104
-0.0733104
-0.0733104
-0.0733104
-0.0733104
-0.0733104
-0.0733104
-0.0733104
-0.0733104
-0.0733104
-0.0733104
-0.0733104
-0.0733104
-0.0733104
-0.0733104
-0.0733104
-0.0733104
-0.0733104
-0.0733104
-0.0733104
-0.0733104
-0.0733104
-0.0733104
-0.0733104
-0.0733104
-0.0733104
-0.0733104
-0.0733104
-0.0733104
-0.0733104
-0.0733104
-0.0733104
-0.0733104
-0.0733104
-0.0733104
-0.0733104
-0.0733104
-0.0733104
-0.0733104
-0.0733104
-0.0733104
-0.0733104
-0.0733104
-0.0733104
-0.0733104
-0.0733104
-0.0733104
-0.0733104
-0.0733104
-0.0733104
-0.0733104
-0.0733104
-0.0733104
-0.0733104
-0.0733104
-0.0733104
-0.0733104
-0.0733104
-0.0733104
-0.0733104
-0.0733104
-0.0733104
-0.0733104
-0.0733104
-0.0733104
-0.0733104
-0.0733104
-0.0733104
-0.0733104
-0.0733104
-0.0733104
-0.0733104
-0.0733104
-0.0733104
-0.0733104
-0.0733104
-0.0733104
-0.0733104
-0.0733104
-0.0733104
-0.0733104
-0.0733104
-0.0733104
-0.0733104
-0.0733104
-0.0733104
-0.0733104
-0.0733104
-0.0733104
-0.0733104
-0.0733104
-0.0733104
-0.0733104
-0.0733104
-0.0733104
-0.0733104
-0.0733104
-0.0733104
-0.0733104
-0.0733104
-0.0733104
-0.0733104
-0.0733104
-0.0733104
-0.0733104
-0.0733104
-0.0733104
-0.0733104
-0.0733104
-0.0733104
-0.0733104
-0.0733104
-0.0733104
-0.0733104
-0.0733104
-0.0733104
-0.0733104
-0.0733104
-0.0733104
-0.0733104
-0.0733104
)
;

boundaryField
{
    sides
    {
        type            calculated;
        value           nonuniform List<scalar> 2(-0.0733104 -0.0171704);
    }
    empty1
    {
        type            empty;
        value           nonuniform List<scalar> 0();
    }
    empty2
    {
        type            empty;
        value           nonuniform List<scalar> 0();
    }
}


// ************************************************************************* //
