/*--------------------------------*- C++ -*----------------------------------*\
| =========                 |                                                 |
| \\      /  F ield         | OpenFOAM: The Open Source CFD Toolbox           |
|  \\    /   O peration     | Version:  2312                                  |
|   \\  /    A nd           | Website:  www.openfoam.com                      |
|    \\/     M anipulation  |                                                 |
\*---------------------------------------------------------------------------*/
FoamFile
{
    version     2.0;
    format      ascii;
    arch        "LSB;label=32;scalar=64";
    class       volScalarField;
    location    "5e-05";
    object      cSound;
}
// * * * * * * * * * * * * * * * * * * * * * * * * * * * * * * * * * * * * * //

dimensions      [0 1 -1 0 0 0 0];

internalField   nonuniform List<scalar> 
800
(
343.407
343.407
343.407
343.407
343.407
343.407
343.407
343.407
343.407
343.407
343.407
343.407
343.407
343.407
343.407
343.407
343.407
343.407
343.407
343.407
343.407
343.407
343.407
343.407
343.407
343.407
343.407
343.407
343.407
343.407
343.407
343.407
343.407
343.407
343.407
343.407
343.407
343.407
343.407
343.407
343.407
343.407
343.407
343.407
343.407
343.407
343.407
343.407
343.407
343.407
343.407
343.407
343.407
343.407
343.407
343.407
343.407
343.407
343.407
343.407
343.407
343.407
343.407
343.407
343.407
343.407
343.407
343.407
343.407
343.407
343.407
343.407
343.407
343.407
343.407
343.407
343.407
343.407
343.407
343.407
343.407
343.407
343.407
343.407
343.407
343.407
343.407
343.407
343.407
343.407
343.407
343.407
343.407
343.407
343.407
343.407
343.407
343.407
343.407
343.407
343.407
343.407
343.407
343.407
343.407
343.407
343.407
343.407
343.407
343.407
343.407
343.407
343.407
343.407
343.407
343.407
343.407
343.407
343.407
343.407
343.407
343.407
343.407
343.407
343.407
343.407
343.407
343.407
343.407
343.407
343.407
343.407
343.407
343.407
343.407
343.407
343.407
343.407
343.407
343.407
343.407
343.407
343.407
343.407
343.407
343.407
343.407
343.407
343.407
343.407
343.407
343.407
343.407
343.407
343.407
343.407
343.407
343.407
343.407
343.407
343.407
343.407
343.407
343.407
343.407
343.407
343.407
343.407
343.407
343.407
343.407
343.407
343.407
343.407
343.407
343.407
343.407
343.407
343.407
343.407
343.407
343.407
343.407
343.407
343.407
343.407
343.407
343.407
343.407
343.407
343.407
343.407
343.407
343.407
343.407
343.407
343.407
343.407
343.407
343.407
343.407
343.407
343.407
343.407
343.407
343.407
343.407
343.407
343.407
343.407
343.407
343.407
343.407
343.407
343.407
343.407
343.407
343.407
343.407
343.407
343.407
343.407
343.407
343.407
343.407
343.407
343.407
343.407
343.407
343.407
343.407
343.407
343.407
343.407
343.407
343.407
343.407
343.407
343.407
343.407
343.407
343.407
343.407
343.407
343.407
343.407
343.407
343.407
343.407
343.407
343.407
343.407
343.407
343.407
343.407
343.407
343.407
343.407
343.407
343.407
343.407
343.407
343.407
343.407
343.407
343.407
343.407
343.407
343.407
343.407
343.407
343.407
343.407
343.407
343.407
343.407
343.407
343.407
343.407
343.407
343.407
343.407
343.407
343.407
343.407
343.407
343.407
343.407
343.407
343.407
343.407
343.407
343.407
343.407
343.407
343.407
343.407
343.407
343.407
343.407
343.407
343.407
343.407
343.407
343.407
343.407
343.407
343.407
343.407
343.407
343.407
343.407
343.407
343.407
343.407
343.407
343.407
343.407
343.407
343.407
343.407
343.407
343.407
343.407
343.407
343.407
343.407
343.407
343.407
343.407
343.407
343.407
343.407
343.407
343.407
343.407
343.407
343.407
343.407
343.407
343.407
343.407
343.407
343.407
343.407
343.407
343.407
343.407
343.407
343.407
343.407
343.407
343.407
343.407
343.407
343.406
343.398
343.373
343.331
343.246
343.085
342.794
342.306
341.54
340.416
338.874
336.883
334.453
331.63
328.507
325.18
321.706
318.154
314.5
310.883
307.169
303.552
299.959
296.775
294.228
292.587
291.672
291.883
293.09
293.633
297.599
299.722
307.141
313.155
323.472
334.025
345.908
357.852
369.047
378.798
386.911
393.401
395.466
363.327
182.781
257.757
1269.44
1466.31
1466.35
1466.37
1466.38
1466.39
1466.4
1466.38
1466.37
1466.35
1466.31
1466.26
1466.23
1466.22
1466.21
1466.21
1466.21
1466.21
1466.21
1466.21
1466.21
1466.21
1466.21
1466.21
1466.21
1466.21
1466.21
1466.21
1466.21
1466.21
1466.21
1466.21
1466.21
1466.21
1466.21
1466.21
1466.21
1466.21
1466.21
1466.21
1466.21
1466.21
1466.21
1466.21
1466.21
1466.21
1466.21
1466.21
1466.21
1466.21
1466.21
1466.21
1466.21
1466.21
1466.21
1466.21
1466.21
1466.21
1466.21
1466.21
1466.21
1466.21
1466.21
1466.21
1466.21
1466.21
1466.21
1466.21
1466.21
1466.21
1466.21
1466.21
1466.21
1466.21
1466.21
1466.21
1466.21
1466.21
1466.21
1466.21
1466.21
1466.21
1466.21
1466.21
1466.21
1466.21
1466.21
1466.21
1466.21
1466.21
1466.21
1466.21
1466.21
1466.21
1466.21
1466.21
1466.21
1466.21
1466.21
1466.21
1466.21
1466.21
1466.21
1466.21
1466.21
1466.21
1466.21
1466.21
1466.21
1466.21
1466.21
1466.21
1466.21
1466.21
1466.21
1466.21
1466.21
1466.21
1466.21
1466.21
1466.21
1466.21
1466.21
1466.21
1466.21
1466.21
1466.21
1466.21
1466.21
1466.21
1466.21
1466.21
1466.21
1466.21
1466.21
1466.21
1466.21
1466.21
1466.21
1466.21
1466.21
1466.21
1466.21
1466.21
1466.21
1466.21
1466.21
1466.21
1466.21
1466.21
1466.21
1466.21
1466.21
1466.21
1466.21
1466.21
1466.21
1466.21
1466.21
1466.21
1466.21
1466.21
1466.21
1466.21
1466.21
1466.21
1466.21
1466.21
1466.21
1466.21
1466.21
1466.21
1466.21
1466.21
1466.21
1466.21
1466.21
1466.21
1466.21
1466.21
1466.21
1466.21
1466.21
1466.21
1466.21
1466.21
1466.21
1466.21
1466.21
1466.21
1466.21
1466.21
1466.21
1466.21
1466.21
1466.21
1466.21
1466.21
1466.21
1466.21
1466.21
1466.21
1466.21
1466.21
1466.21
1466.21
1466.21
1466.21
1466.21
1466.21
1466.21
1466.21
1466.21
1466.21
1466.21
1466.21
1466.21
1466.21
1466.21
1466.21
1466.21
1466.21
1466.21
1466.21
1466.21
1466.21
1466.21
1466.21
1466.21
1466.21
1466.21
1466.21
1466.21
1466.21
1466.21
1466.21
1466.21
1466.21
1466.21
1466.21
1466.21
1466.21
1466.21
1466.21
1466.21
1466.21
1466.21
1466.21
1466.21
1466.21
1466.21
1466.21
1466.21
1466.21
1466.21
1466.21
1466.21
1466.21
1466.21
1466.21
1466.21
1466.21
1466.21
1466.21
1466.21
1466.21
1466.21
1466.21
1466.21
1466.21
1466.21
1466.21
1466.21
1466.21
1466.21
1466.21
1466.21
1466.21
1466.21
1466.21
1466.21
1466.21
1466.21
1466.21
1466.21
1466.21
1466.21
1466.21
1466.21
1466.21
1466.21
1466.21
1466.21
1466.21
1466.21
1466.21
1466.21
1466.21
1466.21
1466.21
1466.21
1466.21
1466.21
1466.21
1466.21
1466.21
1466.21
1466.21
1466.21
1466.21
1466.21
1466.21
1466.21
1466.21
1466.21
1466.21
1466.21
1466.21
1466.21
1466.21
1466.21
1466.21
1466.21
1466.21
1466.21
1466.21
1466.21
1466.21
1466.21
1466.21
1466.21
1466.21
1466.21
1466.21
1466.21
1466.21
1466.21
1466.21
1466.21
1466.21
1466.21
1466.21
1466.21
1466.21
1466.21
1466.21
1466.21
1466.21
1466.21
1466.21
1466.21
1466.21
1466.21
1466.21
1466.21
1466.21
1466.21
1466.21
1466.21
1466.21
1466.21
1466.21
1466.21
1466.21
1466.21
1466.21
1466.21
1466.21
1466.21
1466.21
1466.21
1466.21
1466.21
1466.21
1466.21
1466.21
1466.21
1466.21
1466.21
1466.21
1466.21
1466.21
1466.21
1466.21
1466.21
1466.21
1466.21
1466.21
1466.21
1466.21
1466.21
1466.21
1466.21
1466.21
1466.21
1466.21
1466.21
1466.21
1466.21
)
;

boundaryField
{
    sides
    {
        type            calculated;
        value           nonuniform List<scalar> 2(1466.21 343.407);
    }
    empty1
    {
        type            empty;
    }
    empty2
    {
        type            empty;
    }
}


// ************************************************************************* //
