/*--------------------------------*- C++ -*----------------------------------*\
| =========                 |                                                 |
| \\      /  F ield         | OpenFOAM: The Open Source CFD Toolbox           |
|  \\    /   O peration     | Version:  2312                                  |
|   \\  /    A nd           | Website:  www.openfoam.com                      |
|    \\/     M anipulation  |                                                 |
\*---------------------------------------------------------------------------*/
FoamFile
{
    version     2.0;
    format      ascii;
    arch        "LSB;label=32;scalar=64";
    class       volScalarField;
    location    "5e-05";
    object      p;
}
// * * * * * * * * * * * * * * * * * * * * * * * * * * * * * * * * * * * * * //

dimensions      [1 -1 -2 0 0 0 0];

internalField   nonuniform List<scalar> 
800
(
1e+06
1e+06
1e+06
1e+06
1e+06
1e+06
1e+06
1e+06
1e+06
1e+06
1e+06
1e+06
1e+06
1e+06
1e+06
1e+06
1e+06
1e+06
1e+06
1e+06
1e+06
1e+06
1e+06
1e+06
1e+06
1e+06
1e+06
1e+06
1e+06
1e+06
1e+06
1e+06
1e+06
1e+06
1e+06
1e+06
1e+06
1e+06
1e+06
1e+06
1e+06
1e+06
1e+06
1e+06
1e+06
1e+06
1e+06
1e+06
1e+06
1e+06
1e+06
1e+06
1e+06
1e+06
1e+06
1e+06
1e+06
1e+06
1e+06
1e+06
1e+06
1e+06
1e+06
1e+06
1e+06
1e+06
1e+06
1e+06
1e+06
1e+06
1e+06
1e+06
1e+06
1e+06
1e+06
1e+06
1e+06
1e+06
1e+06
1e+06
1e+06
1e+06
1e+06
1e+06
1e+06
1e+06
1e+06
1e+06
1e+06
1e+06
1e+06
1e+06
1e+06
1e+06
1e+06
1e+06
1e+06
1e+06
1e+06
1e+06
1e+06
1e+06
1e+06
1e+06
1e+06
1e+06
1e+06
1e+06
1e+06
1e+06
1e+06
1e+06
1e+06
1e+06
1e+06
1e+06
1e+06
1e+06
1e+06
1e+06
1e+06
1e+06
1e+06
1e+06
1e+06
1e+06
1e+06
1e+06
1e+06
1e+06
1e+06
1e+06
1e+06
1e+06
1e+06
1e+06
1e+06
1e+06
1e+06
1e+06
1e+06
1e+06
1e+06
1e+06
1e+06
1e+06
1e+06
1e+06
1e+06
1e+06
1e+06
1e+06
1e+06
1e+06
1e+06
1e+06
1e+06
1e+06
1e+06
1e+06
1e+06
1e+06
1e+06
1e+06
1e+06
1e+06
1e+06
1e+06
1e+06
1e+06
1e+06
1e+06
1e+06
1e+06
1e+06
1e+06
1e+06
1e+06
1e+06
1e+06
1e+06
1e+06
1e+06
1e+06
1e+06
1e+06
1e+06
1e+06
1e+06
1e+06
1e+06
1e+06
1e+06
1e+06
1e+06
1e+06
1e+06
1e+06
1e+06
1e+06
1e+06
1e+06
1e+06
1e+06
1e+06
1e+06
1e+06
1e+06
1e+06
1e+06
1e+06
1e+06
1e+06
1e+06
1e+06
1e+06
1e+06
1e+06
1e+06
1e+06
1e+06
1e+06
1e+06
1e+06
1e+06
1e+06
1e+06
1e+06
1e+06
1e+06
1e+06
1e+06
1e+06
1e+06
1e+06
1e+06
1e+06
1e+06
1e+06
1e+06
1e+06
1e+06
1e+06
1e+06
1e+06
1e+06
1e+06
1e+06
1e+06
1e+06
1e+06
1e+06
1e+06
1e+06
1e+06
1e+06
1e+06
1e+06
1e+06
1e+06
1e+06
1e+06
1e+06
1e+06
1e+06
1e+06
1e+06
1e+06
1e+06
1e+06
1e+06
1e+06
1e+06
1e+06
1e+06
1e+06
1e+06
1e+06
1e+06
1e+06
1e+06
1e+06
1e+06
1e+06
1e+06
1e+06
1e+06
1e+06
1e+06
1e+06
1e+06
1e+06
1e+06
1e+06
1e+06
1e+06
1e+06
1e+06
1e+06
1e+06
1e+06
1e+06
1e+06
1e+06
1e+06
1e+06
1e+06
1e+06
1e+06
1e+06
1e+06
1e+06
1e+06
1e+06
1e+06
1e+06
1e+06
1e+06
1e+06
1e+06
1e+06
1e+06
1e+06
1e+06
1e+06
1e+06
1e+06
1e+06
1e+06
1e+06
1e+06
1e+06
1e+06
1e+06
1e+06
1e+06
1e+06
1e+06
1e+06
1e+06
1e+06
1e+06
1e+06
1e+06
1e+06
1e+06
1e+06
1e+06
1e+06
1e+06
1e+06
1e+06
1e+06
999999
999994
999970
999865
999556
998967
997775
995425
991070
983513
971284
952882
927156
893691
853028
806540
756439
705098
654689
604832
557986
512819
471316
431408
395278
363230
337043
316798
304308
294819
295307
285377
294248
280453
291866
281616
287410
285088
285367
285597
285895
285582
285473
287583
318631
359686
340778
617592
217477
434638
339000
402799
403284
423938
427863
409954
373927
352521
271395
195138
138161
114778
105694
102307
101010
100504
100265
100148
100080
100045
100024
100013
100007
100003
100002
100001
100000
100000
100000
100000
100000
100000
100000
100000
100000
100000
100000
100000
100000
100000
100000
100000
100000
100000
100000
100000
100000
100000
100000
100000
100000
100000
100000
100000
100000
100000
100000
100000
100000
100000
100000
100000
100000
100000
100000
100000
100000
100000
100000
100000
100000
100000
100000
100000
100000
100000
100000
100000
100000
100000
100000
100000
100000
100000
100000
100000
100000
100000
100000
100000
100000
100000
100000
100000
100000
100000
100000
100000
100000
100000
100000
100000
100000
100000
100000
100000
100000
100000
100000
100000
100000
100000
100000
100000
100000
100000
100000
100000
100000
100000
100000
100000
100000
100000
100000
100000
100000
100000
100000
100000
100000
100000
100000
100000
100000
100000
100000
100000
100000
100000
100000
100000
100000
100000
100000
100000
100000
100000
100000
100000
100000
100000
100000
100000
100000
100000
100000
100000
100000
100000
100000
100000
100000
100000
100000
100000
100000
100000
100000
100000
100000
100000
100000
100000
100000
100000
100000
100000
100000
100000
100000
100000
100000
100000
100000
100000
100000
100000
100000
100000
100000
100000
100000
100000
100000
100000
100000
100000
100000
100000
100000
100000
100000
100000
100000
100000
100000
100000
100000
100000
100000
100000
100000
100000
100000
100000
100000
100000
100000
100000
100000
100000
100000
100000
100000
100000
100000
100000
100000
100000
100000
100000
100000
100000
100000
100000
100000
100000
100000
100000
100000
100000
100000
100000
100000
100000
100000
100000
100000
100000
100000
100000
100000
100000
100000
100000
100000
100000
100000
100000
100000
100000
100000
100000
100000
100000
100000
100000
100000
100000
100000
100000
100000
100000
100000
100000
100000
100000
100000
100000
100000
100000
100000
100000
100000
100000
100000
100000
100000
100000
100000
100000
100000
100000
100000
100000
100000
100000
100000
100000
100000
100000
100000
100000
100000
100000
100000
100000
100000
100000
100000
100000
100000
100000
100000
100000
100000
100000
100000
100000
100000
100000
100000
100000
100000
100000
100000
100000
100000
100000
100000
100000
100000
100000
100000
100000
100000
100000
100000
100000
100000
100000
100000
100000
100000
100000
100000
100000
100000
100000
100000
100000
100000
100000
100000
100000
100000
100000
100000
100000
100000
100000
100000
100000
100000
100000
100000
100000
100000
100000
100000
100000
100000
100000
100000
100000
100000
100000
100000
100000
100000
100000
100000
100000
100000
100000
100000
100000
100000
100000
100000
100000
100000
100000
100000
100000
100000
)
;

boundaryField
{
    sides
    {
        type            zeroGradient;
    }
    empty1
    {
        type            empty;
    }
    empty2
    {
        type            empty;
    }
}


// ************************************************************************* //
