/*--------------------------------*- C++ -*----------------------------------*\
| =========                 |                                                 |
| \\      /  F ield         | OpenFOAM: The Open Source CFD Toolbox           |
|  \\    /   O peration     | Version:  2312                                  |
|   \\  /    A nd           | Website:  www.openfoam.com                      |
|    \\/     M anipulation  |                                                 |
\*---------------------------------------------------------------------------*/
FoamFile
{
    version     2.0;
    format      ascii;
    arch        "LSB;label=32;scalar=64";
    class       surfaceScalarField;
    location    "5e-05";
    object      phiRhoHat_own;
}
// * * * * * * * * * * * * * * * * * * * * * * * * * * * * * * * * * * * * * //

dimensions      [1 0 -1 0 0 0 0];

oriented        oriented;

internalField   nonuniform List<scalar> 
799
(
3.05007e-17
0
0
3.05007e-17
3.05007e-17
0
-3.38626e-33
-3.05007e-17
-3.05007e-17
0
0
3.05007e-17
0
8.46564e-32
3.05007e-17
-3.05007e-17
3.05007e-17
-3.05007e-17
3.05007e-17
0
0
0
3.05007e-17
0
6.10014e-17
-3.05007e-17
-3.05007e-17
3.05007e-17
0
0
0
3.38626e-33
3.05007e-17
-3.05007e-17
3.05007e-17
0
0
0
-3.05007e-17
1.52503e-17
3.05007e-17
-3.05007e-17
0
-3.05007e-17
0
-3.05007e-17
3.05007e-17
-3.05007e-17
-3.05007e-17
3.05007e-17
0
3.05007e-17
0
3.05007e-17
0
3.38626e-33
3.05007e-17
0
0
-3.05007e-17
-3.05007e-17
0
2.87832e-31
3.05007e-17
3.05007e-17
3.05007e-17
3.05007e-17
3.05007e-17
3.05007e-17
6.10014e-17
1.52503e-17
0
3.38626e-33
3.05007e-17
-3.05007e-17
1.52503e-17
3.05007e-17
3.05007e-17
0
5.62119e-31
3.05007e-17
0
3.05007e-17
0
0
0
3.05007e-17
3.05007e-17
-1.52503e-17
-3.05007e-17
0
0
0
3.05007e-17
3.05007e-17
-3.05007e-17
1.52503e-17
3.05007e-17
0
-2.87832e-31
-3.05007e-17
1.52503e-17
3.05007e-17
3.05007e-17
-3.05007e-17
3.05007e-17
0
0
3.05007e-17
0
0
-3.05007e-17
1.52503e-17
3.05007e-17
3.05007e-17
3.05007e-17
0
0
3.05007e-17
3.05007e-17
-1.52503e-17
-3.05007e-17
1.52503e-17
3.05007e-17
-3.05007e-17
3.05007e-17
3.05007e-17
0
0
-3.05007e-17
3.05007e-17
-3.05007e-17
0
0
-3.05007e-17
-3.05007e-17
-3.05007e-17
3.05007e-17
3.05007e-17
0
3.05007e-17
0
3.05007e-17
-3.05007e-17
3.05007e-17
-1.52503e-17
-3.05007e-17
1.52503e-17
3.05007e-17
0
0
-3.05007e-17
-3.05007e-17
0
0
0
3.05007e-17
-1.52503e-17
-3.05007e-17
0
0
0
-1.18519e-31
-3.05007e-17
-3.05007e-17
3.05007e-17
-3.05007e-17
0
1.18519e-31
3.05007e-17
3.05007e-17
6.10014e-17
0
0
0
3.05007e-17
0
0
-3.05007e-17
0
-3.05007e-17
0
0
0
0
0
3.05007e-17
-3.05007e-17
-3.05007e-17
3.05007e-17
0
9.07517e-31
3.05007e-17
-3.05007e-17
1.52503e-17
3.05007e-17
3.05007e-17
-3.05007e-17
0
-3.05007e-17
0
0
0
0
0
0
3.05007e-17
-1.52503e-17
-3.05007e-17
0
0
-3.05007e-17
3.05007e-17
-3.05007e-17
1.52503e-17
3.05007e-17
3.05007e-17
0
3.05007e-17
0
0
0
3.05007e-17
0
0
3.05007e-17
0
0
-3.05007e-17
3.05007e-17
0
2.30265e-31
3.05007e-17
3.05007e-17
0
0
-3.05007e-17
3.05007e-17
3.05007e-17
0
3.05007e-17
0
0
-1.58138e-30
-3.05007e-17
3.05007e-17
-3.05007e-17
3.05007e-17
0
3.05007e-17
-3.05007e-17
3.05007e-17
0
3.05007e-17
0
0
3.05007e-17
0
3.05007e-17
0
0
-3.05007e-17
3.05007e-17
0
0
0
3.05007e-17
0
3.05007e-17
0
0
0
-3.05007e-17
3.05007e-17
0
3.05007e-17
3.05007e-17
0
3.05007e-17
0
3.05007e-17
0
0
0
0
3.05007e-17
-3.05007e-17
3.05007e-17
0
3.05007e-17
0
3.05007e-17
0
3.05007e-17
3.05007e-17
0
3.05007e-17
3.05007e-17
0
3.05007e-17
0
3.05007e-17
0
0
0
0
3.05007e-17
0
3.05007e-17
-3.05007e-17
3.05007e-17
0
0
0
3.05007e-17
3.05007e-17
3.05007e-17
0
3.05007e-17
3.05007e-17
0
0
0
3.05007e-17
0
0
0
0
3.05007e-17
0
0
3.05007e-17
3.05007e-17
3.05007e-17
0
3.05007e-17
3.05007e-17
0
3.05007e-17
3.05007e-17
0
0
3.05007e-17
0
6.10014e-17
6.10014e-17
0
6.10014e-17
0
3.05007e-17
0
6.10014e-17
0
-6.77252e-31
-3.05009e-17
3.05015e-17
-3.05037e-17
-3.0509e-17
0
0
0
0
-2.28179e-30
-3.10486e-17
1.57033e-17
6.38294e-17
0
0
0
3.55623e-17
0
0
-3.93101e-17
1.01558e-17
2.09881e-17
-2.16696e-17
-2.23585e-17
0
0
0
0
-2.50397e-17
0
0
0
0
-2.63413e-17
1.3156e-17
2.71299e-17
-1.37417e-17
-1.40712e-17
1.43447e-17
0
0
0
-1.51162e-17
0
-6.4341e-31
1.24497e-17
0.00121061
57.9462
73.2955
73.2841
73.2929
73.2891
73.2913
73.2907
73.2916
73.289
73.2897
73.2837
73.2808
73.2742
73.2718
73.2708
73.2704
73.2703
73.2702
73.2702
73.2702
73.2701
73.2702
73.2702
73.2701
73.2701
73.2701
73.2702
73.2702
73.2702
73.2702
73.2702
73.2702
73.2702
73.2701
73.2702
73.2702
73.2701
73.2702
73.2702
73.2702
73.2701
73.2702
73.2702
73.2702
73.2702
73.2702
73.2702
73.2702
73.2701
73.2702
73.2702
73.2702
73.2702
73.2702
73.2702
73.2702
73.2702
73.2702
73.2702
73.2702
73.2702
73.2702
73.2702
73.2702
73.2702
73.2701
73.2702
73.2702
73.2702
73.2702
73.2702
73.2702
73.2702
73.2702
73.2702
73.2701
73.2702
73.2702
73.2702
73.2702
73.2702
73.2702
73.2702
73.2702
73.2702
73.2702
73.2702
73.2701
73.2702
73.2702
73.2702
73.2702
73.2702
73.2702
73.2702
73.2702
73.2702
73.2702
73.2702
73.2702
73.2702
73.2702
73.2702
73.2702
73.2702
73.2702
73.2702
73.2702
73.2702
73.2702
73.2702
73.2702
73.2702
73.2702
73.2702
73.2702
73.2702
73.2702
73.2702
73.2702
73.2701
73.2702
73.2702
73.2702
73.2702
73.2702
73.2702
73.2702
73.2702
73.2702
73.2702
73.2702
73.2702
73.2702
73.2702
73.2702
73.2702
73.2702
73.2702
73.2702
73.2702
73.2702
73.2702
73.2702
73.2702
73.2702
73.2702
73.2702
73.2702
73.2702
73.2702
73.2702
73.2702
73.2702
73.2702
73.2702
73.2702
73.2702
73.2702
73.2702
73.2702
73.2702
73.2702
73.2702
73.2702
73.2702
73.2702
73.2702
73.2702
73.2702
73.2702
73.2702
73.2702
73.2702
73.2702
73.2702
73.2702
73.2702
73.2702
73.2702
73.2702
73.2702
73.2702
73.2702
73.2702
73.2702
73.2702
73.2702
73.2702
73.2702
73.2702
73.2702
73.2702
73.2702
73.2702
73.2702
73.2702
73.2702
73.2702
73.2702
73.2702
73.2702
73.2702
73.2702
73.2702
73.2702
73.2702
73.2702
73.2702
73.2702
73.2702
73.2702
73.2702
73.2702
73.2702
73.2702
73.2702
73.2702
73.2702
73.2702
73.2702
73.2702
73.2702
73.2702
73.2702
73.2702
73.2702
73.2702
73.2702
73.2702
73.2702
73.2702
73.2702
73.2702
73.2702
73.2702
73.2702
73.2702
73.2702
73.2702
73.2702
73.2702
73.2702
73.2702
73.2702
73.2702
73.2702
73.2702
73.2702
73.2702
73.2702
73.2702
73.2702
73.2702
73.2702
73.2702
73.2702
73.2702
73.2702
73.2702
73.2702
73.2702
73.2702
73.2702
73.2702
73.2702
73.2702
73.2702
73.2702
73.2702
73.2702
73.2702
73.2702
73.2702
73.2702
73.2702
73.2702
73.2702
73.2702
73.2702
73.2702
73.2702
73.2702
73.2702
73.2702
73.2702
73.2702
73.2702
73.2702
73.2702
73.2702
73.2702
73.2702
73.2702
73.2702
73.2702
73.2702
73.2702
73.2702
73.2702
73.2702
73.2702
73.2702
73.2702
73.2702
73.2702
73.2702
73.2702
73.2702
73.2702
73.2702
73.2702
73.2702
73.2702
73.2702
73.2702
73.2702
73.2702
73.2702
73.2702
73.2702
73.2702
73.2702
73.2702
73.2702
73.2702
73.2702
73.2702
73.2702
73.2702
73.2702
73.2702
73.2702
73.2702
73.2702
73.2702
73.2702
73.2702
73.2702
73.2702
73.2702
73.2702
73.2702
73.2702
73.2702
73.2702
73.2702
73.2702
73.2702
73.2702
73.2702
73.2702
73.2702
73.2702
73.2702
73.2702
73.2702
73.2702
73.2702
73.2702
73.2702
73.2702
73.2702
73.2702
73.2702
73.2702
73.2702
73.2702
73.2702
73.2702
73.2702
73.2702
73.2702
73.2702
73.2702
73.2701
73.2702
73.2702
73.2702
73.2702
73.2702
73.2702
73.2702
73.2702
73.2702
73.2702
73.2702
73.2702
73.2702
73.2702
73.2702
73.2702
73.2702
73.2702
73.2702
73.2702
73.2702
73.2702
73.2702
)
;

boundaryField
{
    sides
    {
        type            calculated;
        value           nonuniform List<scalar> 2(73.2702 3.05007e-17);
    }
    empty1
    {
        type            empty;
        value           nonuniform List<scalar> 0();
    }
    empty2
    {
        type            empty;
        value           nonuniform List<scalar> 0();
    }
}


// ************************************************************************* //
