/*--------------------------------*- C++ -*----------------------------------*\
| =========                 |                                                 |
| \\      /  F ield         | OpenFOAM: The Open Source CFD Toolbox           |
|  \\    /   O peration     | Version:  2312                                  |
|   \\  /    A nd           | Website:  www.openfoam.com                      |
|    \\/     M anipulation  |                                                 |
\*---------------------------------------------------------------------------*/
FoamFile
{
    version     2.0;
    format      ascii;
    arch        "LSB;label=32;scalar=64";
    class       surfaceScalarField;
    location    "5e-05";
    object      phiRhoHat_nei;
}
// * * * * * * * * * * * * * * * * * * * * * * * * * * * * * * * * * * * * * //

dimensions      [1 0 -1 0 0 0 0];

oriented        oriented;

internalField   nonuniform List<scalar> 
799
(
-1.01588e-32
-0
-3.05007e-17
-3.05007e-17
-0
-0
3.05007e-17
3.05007e-17
8.12701e-32
-0
-3.05007e-17
-0
-0
-3.05007e-17
3.05007e-17
-3.05007e-17
3.05007e-17
-3.05007e-17
-0
-0
-0
-3.05007e-17
-0
-6.10014e-17
3.05007e-17
3.05007e-17
-3.05007e-17
-0
-0
-0
-0
-3.05007e-17
3.05007e-17
-3.05007e-17
-3.38626e-33
-0
-0
3.05007e-17
1.52503e-17
-3.05007e-17
3.05007e-17
-0
3.05007e-17
-0
3.05007e-17
-3.05007e-17
3.05007e-17
3.05007e-17
-3.05007e-17
-0
-3.05007e-17
-0
-3.05007e-17
-2.87832e-31
-0
-3.05007e-17
-5.75664e-32
-0
3.05007e-17
3.05007e-17
6.09526e-32
-0
-3.05007e-17
-3.05007e-17
-3.05007e-17
-3.05007e-17
-3.05007e-17
-3.05007e-17
-6.10014e-17
-4.5751e-17
-0
-0
-3.05007e-17
3.05007e-17
1.52503e-17
-3.05007e-17
-3.05007e-17
-0
-0
-3.05007e-17
-0
-3.05007e-17
-0
-0
-0
-3.05007e-17
-3.05007e-17
-1.52503e-17
3.05007e-17
-0
-0
-0
-3.05007e-17
-3.05007e-17
3.05007e-17
1.52503e-17
-3.05007e-17
-3.38626e-33
-0
3.05007e-17
1.52503e-17
-3.05007e-17
-3.05007e-17
3.05007e-17
-3.05007e-17
-4.53758e-31
-0
-3.05007e-17
-3.42012e-31
-0
3.05007e-17
1.52503e-17
-3.05007e-17
-3.05007e-17
-3.05007e-17
-2.26879e-31
-0
-3.05007e-17
-3.05007e-17
-1.52503e-17
3.05007e-17
1.52503e-17
-3.05007e-17
3.05007e-17
-3.05007e-17
-3.05007e-17
-4.53758e-31
-0
3.05007e-17
-3.05007e-17
3.05007e-17
-0
-0
3.05007e-17
3.05007e-17
3.05007e-17
-3.05007e-17
-3.05007e-17
-0
-3.05007e-17
-0
-3.05007e-17
3.05007e-17
-3.05007e-17
-1.52503e-17
3.05007e-17
1.52503e-17
-3.05007e-17
-1.578e-30
-0
3.05007e-17
3.05007e-17
9.0413e-31
-0
-0
-3.05007e-17
-1.52503e-17
3.05007e-17
9.07517e-31
-0
-0
-0
3.05007e-17
3.05007e-17
-3.05007e-17
3.05007e-17
4.53758e-31
-0
-3.05007e-17
-3.05007e-17
-6.10014e-17
-0
-0
-0
-3.05007e-17
-9.10903e-31
-0
3.05007e-17
-0
3.05007e-17
9.07517e-31
-0
-0
-0
-0
-3.05007e-17
3.05007e-17
3.05007e-17
-3.05007e-17
-2.37377e-30
-0
-3.05007e-17
3.05007e-17
1.52503e-17
-3.05007e-17
-3.05007e-17
3.05007e-17
-0
3.05007e-17
1.58138e-30
-0
-0
-0
-0
-0
-3.05007e-17
-1.52503e-17
3.05007e-17
6.80637e-31
-0
3.05007e-17
-3.05007e-17
3.05007e-17
1.52503e-17
-3.05007e-17
-3.05007e-17
-0
-3.05007e-17
-2.03853e-30
-0
-0
-3.05007e-17
-2.03853e-30
-0
-3.05007e-17
-0
-0
3.05007e-17
-3.05007e-17
-6.84024e-31
-0
-3.05007e-17
-3.05007e-17
-0
-0
3.05007e-17
-3.05007e-17
-3.05007e-17
-0
-3.05007e-17
-0
-0
-0
3.05007e-17
-3.05007e-17
3.05007e-17
-3.05007e-17
-0
-3.05007e-17
3.05007e-17
-3.05007e-17
-0
-3.05007e-17
-1.58138e-30
-0
-3.05007e-17
-0
-3.05007e-17
-0
-0
3.05007e-17
-3.05007e-17
-0
-0
-0
-3.05007e-17
-0
-3.05007e-17
-0
-0
-0
3.05007e-17
-3.05007e-17
-0
-3.05007e-17
-3.05007e-17
-0
-3.05007e-17
-0
-3.05007e-17
-0
-0
-0
-0
-3.05007e-17
3.05007e-17
-3.05007e-17
-0
-3.05007e-17
-0
-3.05007e-17
-0
-3.05007e-17
-3.05007e-17
-0
-3.05007e-17
-3.05007e-17
-0
-3.05007e-17
-0
-3.05007e-17
-3.38626e-33
-0
-0
-0
-3.05007e-17
-0
-3.05007e-17
3.05007e-17
-3.05007e-17
-6.84024e-31
-0
-0
-3.05007e-17
-3.05007e-17
-3.05007e-17
-0
-3.05007e-17
-3.05007e-17
-0
-0
-0
-3.05007e-17
-2.26879e-31
-0
-0
-0
-3.05007e-17
-1.58138e-30
-0
-3.05007e-17
-3.05007e-17
-3.05007e-17
-0
-3.05007e-17
-3.05007e-17
-0
-3.05007e-17
-3.05007e-17
-9.10903e-31
-0
-3.05007e-17
-0
-6.10014e-17
-6.10014e-17
-0
-6.10014e-17
-0
-3.05007e-17
-0
-6.10014e-17
-0
-0
3.05006e-17
-3.05004e-17
3.04992e-17
3.04946e-17
3.38433e-33
-0
-0
-0
-0
2.99369e-17
1.47688e-17
-5.78917e-17
-5.0086e-30
-0
-0
-2.42053e-17
-8.37112e-31
-0
1.88298e-17
4.2214e-18
-7.46068e-18
6.46082e-18
5.4512e-18
3.30217e-32
-0
-0
-0
1.24309e-18
1.94241e-32
-0
-0
-0
9.26375e-19
3.68634e-19
-1.23531e-18
5.85155e-19
8.52971e-19
-1.01675e-18
-0
-0
-0
2.02396e-18
5.05864e-32
-0
3.9565e-18
-0.000546717
-10.7113
-58.488
-73.2724
-73.2693
-73.2712
-73.2685
-73.2688
-73.2683
-73.2695
-73.268
-73.2712
-73.2699
-73.2711
-73.2705
-73.2703
-73.2702
-73.2702
-73.2702
-73.2702
-73.2702
-73.2702
-73.2701
-73.2702
-73.2702
-73.2701
-73.2701
-73.2701
-73.2702
-73.2702
-73.2702
-73.2702
-73.2702
-73.2702
-73.2702
-73.2701
-73.2702
-73.2702
-73.2701
-73.2702
-73.2702
-73.2702
-73.2701
-73.2702
-73.2702
-73.2702
-73.2702
-73.2702
-73.2702
-73.2702
-73.2701
-73.2702
-73.2702
-73.2702
-73.2702
-73.2702
-73.2702
-73.2702
-73.2702
-73.2702
-73.2702
-73.2702
-73.2702
-73.2702
-73.2702
-73.2702
-73.2702
-73.2701
-73.2702
-73.2702
-73.2702
-73.2702
-73.2702
-73.2702
-73.2702
-73.2702
-73.2702
-73.2701
-73.2702
-73.2702
-73.2702
-73.2702
-73.2702
-73.2702
-73.2702
-73.2702
-73.2702
-73.2702
-73.2702
-73.2701
-73.2702
-73.2702
-73.2702
-73.2702
-73.2702
-73.2702
-73.2702
-73.2702
-73.2702
-73.2702
-73.2702
-73.2702
-73.2702
-73.2702
-73.2702
-73.2702
-73.2702
-73.2702
-73.2702
-73.2702
-73.2702
-73.2702
-73.2702
-73.2702
-73.2702
-73.2702
-73.2702
-73.2702
-73.2702
-73.2702
-73.2702
-73.2702
-73.2701
-73.2702
-73.2702
-73.2702
-73.2702
-73.2702
-73.2702
-73.2702
-73.2702
-73.2702
-73.2702
-73.2702
-73.2702
-73.2702
-73.2702
-73.2702
-73.2702
-73.2702
-73.2702
-73.2702
-73.2702
-73.2702
-73.2702
-73.2702
-73.2702
-73.2702
-73.2702
-73.2702
-73.2702
-73.2702
-73.2702
-73.2702
-73.2702
-73.2702
-73.2702
-73.2702
-73.2702
-73.2702
-73.2702
-73.2702
-73.2702
-73.2702
-73.2702
-73.2702
-73.2702
-73.2702
-73.2702
-73.2702
-73.2702
-73.2702
-73.2702
-73.2702
-73.2702
-73.2702
-73.2702
-73.2702
-73.2702
-73.2702
-73.2702
-73.2702
-73.2702
-73.2702
-73.2702
-73.2702
-73.2702
-73.2702
-73.2702
-73.2702
-73.2702
-73.2702
-73.2702
-73.2702
-73.2702
-73.2702
-73.2702
-73.2702
-73.2702
-73.2702
-73.2702
-73.2702
-73.2702
-73.2702
-73.2702
-73.2702
-73.2702
-73.2702
-73.2702
-73.2702
-73.2702
-73.2702
-73.2702
-73.2702
-73.2702
-73.2702
-73.2702
-73.2702
-73.2702
-73.2702
-73.2702
-73.2702
-73.2702
-73.2702
-73.2702
-73.2702
-73.2702
-73.2702
-73.2702
-73.2702
-73.2702
-73.2702
-73.2702
-73.2702
-73.2702
-73.2702
-73.2702
-73.2702
-73.2702
-73.2702
-73.2702
-73.2702
-73.2702
-73.2702
-73.2702
-73.2702
-73.2702
-73.2702
-73.2702
-73.2702
-73.2702
-73.2702
-73.2702
-73.2702
-73.2702
-73.2702
-73.2702
-73.2702
-73.2702
-73.2702
-73.2702
-73.2702
-73.2702
-73.2702
-73.2702
-73.2702
-73.2702
-73.2702
-73.2702
-73.2702
-73.2702
-73.2702
-73.2702
-73.2702
-73.2702
-73.2702
-73.2702
-73.2702
-73.2702
-73.2702
-73.2702
-73.2702
-73.2702
-73.2702
-73.2702
-73.2702
-73.2702
-73.2702
-73.2702
-73.2702
-73.2702
-73.2702
-73.2702
-73.2702
-73.2702
-73.2702
-73.2702
-73.2702
-73.2702
-73.2702
-73.2702
-73.2702
-73.2702
-73.2702
-73.2702
-73.2702
-73.2702
-73.2702
-73.2702
-73.2702
-73.2702
-73.2702
-73.2702
-73.2702
-73.2702
-73.2702
-73.2702
-73.2702
-73.2702
-73.2702
-73.2702
-73.2702
-73.2702
-73.2702
-73.2702
-73.2702
-73.2702
-73.2702
-73.2702
-73.2702
-73.2702
-73.2702
-73.2702
-73.2702
-73.2702
-73.2702
-73.2702
-73.2702
-73.2702
-73.2702
-73.2702
-73.2702
-73.2702
-73.2702
-73.2702
-73.2702
-73.2702
-73.2702
-73.2702
-73.2702
-73.2702
-73.2702
-73.2702
-73.2702
-73.2702
-73.2702
-73.2702
-73.2702
-73.2702
-73.2702
-73.2702
-73.2702
-73.2702
-73.2702
-73.2702
-73.2702
-73.2702
-73.2702
-73.2702
-73.2702
-73.2702
-73.2702
-73.2702
-73.2702
-73.2702
-73.2702
-73.2702
-73.2701
-73.2702
-73.2702
-73.2702
-73.2702
-73.2702
-73.2702
-73.2702
-73.2702
-73.2702
-73.2702
-73.2702
-73.2702
-73.2702
-73.2702
-73.2702
-73.2702
-73.2702
-73.2702
-73.2702
-73.2702
-73.2702
-73.2702
-73.2702
)
;

boundaryField
{
    sides
    {
        type            calculated;
        value           nonuniform List<scalar> 2(-73.2702 -3.05007e-17);
    }
    empty1
    {
        type            empty;
        value           nonuniform List<scalar> 0();
    }
    empty2
    {
        type            empty;
        value           nonuniform List<scalar> 0();
    }
}


// ************************************************************************* //
