/*--------------------------------*- C++ -*----------------------------------*\
| =========                 |                                                 |
| \\      /  F ield         | OpenFOAM: The Open Source CFD Toolbox           |
|  \\    /   O peration     | Version:  2312                                  |
|   \\  /    A nd           | Website:  www.openfoam.com                      |
|    \\/     M anipulation  |                                                 |
\*---------------------------------------------------------------------------*/
FoamFile
{
    version     2.0;
    format      ascii;
    arch        "LSB;label=32;scalar=64";
    class       volScalarField;
    location    "5e-05";
    object      rho;
}
// * * * * * * * * * * * * * * * * * * * * * * * * * * * * * * * * * * * * * //

dimensions      [1 -3 0 0 0 0 0];

internalField   nonuniform List<scalar> 
800
(
11.8858
11.8858
11.8858
11.8858
11.8858
11.8858
11.8858
11.8858
11.8858
11.8858
11.8858
11.8858
11.8858
11.8858
11.8858
11.8858
11.8858
11.8858
11.8858
11.8858
11.8858
11.8858
11.8858
11.8858
11.8858
11.8858
11.8858
11.8858
11.8858
11.8858
11.8858
11.8858
11.8858
11.8858
11.8858
11.8858
11.8858
11.8858
11.8858
11.8858
11.8858
11.8858
11.8858
11.8858
11.8858
11.8858
11.8858
11.8858
11.8858
11.8858
11.8858
11.8858
11.8858
11.8858
11.8858
11.8858
11.8858
11.8858
11.8858
11.8858
11.8858
11.8858
11.8858
11.8858
11.8858
11.8858
11.8858
11.8858
11.8858
11.8858
11.8858
11.8858
11.8858
11.8858
11.8858
11.8858
11.8858
11.8858
11.8858
11.8858
11.8858
11.8858
11.8858
11.8858
11.8858
11.8858
11.8858
11.8858
11.8858
11.8858
11.8858
11.8858
11.8858
11.8858
11.8858
11.8858
11.8858
11.8858
11.8858
11.8858
11.8858
11.8858
11.8858
11.8858
11.8858
11.8858
11.8858
11.8858
11.8858
11.8858
11.8858
11.8858
11.8858
11.8858
11.8858
11.8858
11.8858
11.8858
11.8858
11.8858
11.8858
11.8858
11.8858
11.8858
11.8858
11.8858
11.8858
11.8858
11.8858
11.8858
11.8858
11.8858
11.8858
11.8858
11.8858
11.8858
11.8858
11.8858
11.8858
11.8858
11.8858
11.8858
11.8858
11.8858
11.8858
11.8858
11.8858
11.8858
11.8858
11.8858
11.8858
11.8858
11.8858
11.8858
11.8858
11.8858
11.8858
11.8858
11.8858
11.8858
11.8858
11.8858
11.8858
11.8858
11.8858
11.8858
11.8858
11.8858
11.8858
11.8858
11.8858
11.8858
11.8858
11.8858
11.8858
11.8858
11.8858
11.8858
11.8858
11.8858
11.8858
11.8858
11.8858
11.8858
11.8858
11.8858
11.8858
11.8858
11.8858
11.8858
11.8858
11.8858
11.8858
11.8858
11.8858
11.8858
11.8858
11.8858
11.8858
11.8858
11.8858
11.8858
11.8858
11.8858
11.8858
11.8858
11.8858
11.8858
11.8858
11.8858
11.8858
11.8858
11.8858
11.8858
11.8858
11.8858
11.8858
11.8858
11.8858
11.8858
11.8858
11.8858
11.8858
11.8858
11.8858
11.8858
11.8858
11.8858
11.8858
11.8858
11.8858
11.8858
11.8858
11.8858
11.8858
11.8858
11.8858
11.8858
11.8858
11.8858
11.8858
11.8858
11.8858
11.8858
11.8858
11.8858
11.8858
11.8858
11.8858
11.8858
11.8858
11.8858
11.8858
11.8858
11.8858
11.8858
11.8858
11.8858
11.8858
11.8858
11.8858
11.8858
11.8858
11.8858
11.8858
11.8858
11.8858
11.8858
11.8858
11.8858
11.8858
11.8858
11.8858
11.8858
11.8858
11.8858
11.8858
11.8858
11.8858
11.8858
11.8858
11.8858
11.8858
11.8858
11.8858
11.8858
11.8858
11.8858
11.8858
11.8858
11.8858
11.8858
11.8858
11.8858
11.8858
11.8858
11.8858
11.8858
11.8858
11.8858
11.8858
11.8858
11.8858
11.8858
11.8858
11.8858
11.8858
11.8858
11.8858
11.8858
11.8858
11.8858
11.8858
11.8858
11.8858
11.8858
11.8858
11.8858
11.8858
11.8858
11.8858
11.8858
11.8858
11.8858
11.8858
11.8858
11.8858
11.8858
11.8858
11.8858
11.8858
11.8858
11.8858
11.8858
11.8858
11.8858
11.8858
11.8858
11.8858
11.8858
11.8858
11.8858
11.8858
11.8858
11.8858
11.8858
11.8858
11.8858
11.8858
11.8858
11.8858
11.8858
11.8858
11.8858
11.8857
11.8855
11.8848
11.8829
11.8788
11.8705
11.8537
11.8218
11.7652
11.6711
11.5257
11.3168
11.0377
10.6891
10.2793
9.82498
9.3465
8.86674
8.37541
7.90732
7.43732
7.00173
6.56248
6.15779
5.78062
5.45712
5.18703
5.01384
4.85047
4.81859
4.63935
4.65691
4.37594
4.33667
4.02519
3.85012
3.58153
3.34295
3.12603
2.94232
2.78973
2.67294
2.6046
2.85572
3.81923
11.0851
990.279
999.522
999.663
999.616
999.648
999.648
999.658
999.66
999.651
999.633
999.623
999.584
999.546
999.519
999.507
999.503
999.501
999.5
999.5
999.5
999.5
999.5
999.5
999.5
999.5
999.5
999.5
999.5
999.5
999.5
999.5
999.5
999.5
999.5
999.5
999.5
999.5
999.5
999.5
999.5
999.5
999.5
999.5
999.5
999.5
999.5
999.5
999.5
999.5
999.5
999.5
999.5
999.5
999.5
999.5
999.5
999.5
999.5
999.5
999.5
999.5
999.5
999.5
999.5
999.5
999.5
999.5
999.5
999.5
999.5
999.5
999.5
999.5
999.5
999.5
999.5
999.5
999.5
999.5
999.5
999.5
999.5
999.5
999.5
999.5
999.5
999.5
999.5
999.5
999.5
999.5
999.5
999.5
999.5
999.5
999.5
999.5
999.5
999.5
999.5
999.5
999.5
999.5
999.5
999.5
999.5
999.5
999.5
999.5
999.5
999.5
999.5
999.5
999.5
999.5
999.5
999.5
999.5
999.5
999.5
999.5
999.5
999.5
999.5
999.5
999.5
999.5
999.5
999.5
999.5
999.5
999.5
999.5
999.5
999.5
999.5
999.5
999.5
999.5
999.5
999.5
999.5
999.5
999.5
999.5
999.5
999.5
999.5
999.5
999.5
999.5
999.5
999.5
999.5
999.5
999.5
999.5
999.5
999.5
999.5
999.5
999.5
999.5
999.5
999.5
999.5
999.5
999.5
999.5
999.5
999.5
999.5
999.5
999.5
999.5
999.5
999.5
999.5
999.5
999.5
999.5
999.5
999.5
999.5
999.5
999.5
999.5
999.5
999.5
999.5
999.5
999.5
999.5
999.5
999.5
999.5
999.5
999.5
999.5
999.5
999.5
999.5
999.5
999.5
999.5
999.5
999.5
999.5
999.5
999.5
999.5
999.5
999.5
999.5
999.5
999.5
999.5
999.5
999.5
999.5
999.5
999.5
999.5
999.5
999.5
999.5
999.5
999.5
999.5
999.5
999.5
999.5
999.5
999.5
999.5
999.5
999.5
999.5
999.5
999.5
999.5
999.5
999.5
999.5
999.5
999.5
999.5
999.5
999.5
999.5
999.5
999.5
999.5
999.5
999.5
999.5
999.5
999.5
999.5
999.5
999.5
999.5
999.5
999.5
999.5
999.5
999.5
999.5
999.5
999.5
999.5
999.5
999.5
999.5
999.5
999.5
999.5
999.5
999.5
999.5
999.5
999.5
999.5
999.5
999.5
999.5
999.5
999.5
999.5
999.5
999.5
999.5
999.5
999.5
999.5
999.5
999.5
999.5
999.5
999.5
999.5
999.5
999.5
999.5
999.5
999.5
999.5
999.5
999.5
999.5
999.5
999.5
999.5
999.5
999.5
999.5
999.5
999.5
999.5
999.5
999.5
999.5
999.5
999.5
999.5
999.5
999.5
999.5
999.5
999.5
999.5
999.5
999.5
999.5
999.5
999.5
999.5
999.5
999.5
999.5
999.5
999.5
999.5
999.5
999.5
999.5
999.5
999.5
999.5
999.5
999.5
999.5
999.5
999.5
999.5
999.5
999.5
999.5
999.5
999.5
999.5
999.5
999.5
999.5
999.5
999.5
999.5
999.5
999.5
999.5
999.5
999.5
999.5
999.5
999.5
999.5
999.5
999.5
999.5
999.5
999.5
999.5
999.5
999.5
999.5
999.5
999.5
999.5
999.5
999.5
999.5
999.5
999.5
999.5
999.5
999.5
999.5
999.5
999.5
999.5
)
;

boundaryField
{
    sides
    {
        type            calculated;
        value           nonuniform List<scalar> 2(999.5 11.8858);
    }
    empty1
    {
        type            empty;
    }
    empty2
    {
        type            empty;
    }
}


// ************************************************************************* //
