/*--------------------------------*- C++ -*----------------------------------*\
| =========                 |                                                 |
| \\      /  F ield         | OpenFOAM: The Open Source CFD Toolbox           |
|  \\    /   O peration     | Version:  2312                                  |
|   \\  /    A nd           | Website:  www.openfoam.com                      |
|    \\/     M anipulation  |                                                 |
\*---------------------------------------------------------------------------*/
FoamFile
{
    version     2.0;
    format      ascii;
    arch        "LSB;label=32;scalar=64";
    class       volScalarField;
    location    "5e-05";
    object      thermo:psiGasEff;
}
// * * * * * * * * * * * * * * * * * * * * * * * * * * * * * * * * * * * * * //

dimensions      [-2 4 2 0 0 0 0];

internalField   nonuniform List<scalar> 
800
(
8.4134e-08
8.4134e-08
8.4134e-08
8.4134e-08
8.4134e-08
8.41341e-08
8.41341e-08
8.4134e-08
8.4134e-08
8.4134e-08
8.41341e-08
8.4134e-08
8.41341e-08
8.41341e-08
8.4134e-08
8.4134e-08
8.4134e-08
8.4134e-08
8.4134e-08
8.4134e-08
8.4134e-08
8.4134e-08
8.4134e-08
8.41341e-08
8.41341e-08
8.4134e-08
8.4134e-08
8.4134e-08
8.41341e-08
8.41341e-08
8.4134e-08
8.41341e-08
8.4134e-08
8.4134e-08
8.4134e-08
8.41341e-08
8.4134e-08
8.4134e-08
8.4134e-08
8.4134e-08
8.4134e-08
8.4134e-08
8.4134e-08
8.4134e-08
8.4134e-08
8.4134e-08
8.4134e-08
8.4134e-08
8.4134e-08
8.4134e-08
8.41341e-08
8.4134e-08
8.4134e-08
8.4134e-08
8.4134e-08
8.41341e-08
8.4134e-08
8.4134e-08
8.4134e-08
8.4134e-08
8.4134e-08
8.4134e-08
8.4134e-08
8.4134e-08
8.4134e-08
8.4134e-08
8.41341e-08
8.4134e-08
8.4134e-08
8.41341e-08
8.4134e-08
8.4134e-08
8.4134e-08
8.4134e-08
8.4134e-08
8.41341e-08
8.4134e-08
8.4134e-08
8.41341e-08
8.4134e-08
8.4134e-08
8.4134e-08
8.4134e-08
8.41341e-08
8.4134e-08
8.4134e-08
8.4134e-08
8.4134e-08
8.4134e-08
8.4134e-08
8.4134e-08
8.41341e-08
8.4134e-08
8.4134e-08
8.4134e-08
8.4134e-08
8.41341e-08
8.4134e-08
8.41341e-08
8.4134e-08
8.4134e-08
8.4134e-08
8.4134e-08
8.4134e-08
8.4134e-08
8.4134e-08
8.4134e-08
8.41341e-08
8.4134e-08
8.4134e-08
8.4134e-08
8.4134e-08
8.4134e-08
8.4134e-08
8.4134e-08
8.4134e-08
8.4134e-08
8.4134e-08
8.4134e-08
8.4134e-08
8.4134e-08
8.4134e-08
8.4134e-08
8.4134e-08
8.4134e-08
8.4134e-08
8.4134e-08
8.4134e-08
8.41341e-08
8.4134e-08
8.4134e-08
8.4134e-08
8.41341e-08
8.4134e-08
8.4134e-08
8.4134e-08
8.4134e-08
8.4134e-08
8.4134e-08
8.4134e-08
8.4134e-08
8.41341e-08
8.4134e-08
8.4134e-08
8.4134e-08
8.41341e-08
8.4134e-08
8.4134e-08
8.4134e-08
8.4134e-08
8.4134e-08
8.4134e-08
8.4134e-08
8.4134e-08
8.41341e-08
8.4134e-08
8.4134e-08
8.41341e-08
8.4134e-08
8.41341e-08
8.4134e-08
8.4134e-08
8.4134e-08
8.4134e-08
8.4134e-08
8.4134e-08
8.4134e-08
8.41341e-08
8.4134e-08
8.4134e-08
8.4134e-08
8.41341e-08
8.4134e-08
8.4134e-08
8.4134e-08
8.4134e-08
8.41341e-08
8.4134e-08
8.4134e-08
8.4134e-08
8.4134e-08
8.41341e-08
8.4134e-08
8.41341e-08
8.4134e-08
8.4134e-08
8.4134e-08
8.4134e-08
8.4134e-08
8.4134e-08
8.4134e-08
8.4134e-08
8.4134e-08
8.4134e-08
8.4134e-08
8.4134e-08
8.4134e-08
8.4134e-08
8.4134e-08
8.4134e-08
8.41341e-08
8.4134e-08
8.4134e-08
8.4134e-08
8.4134e-08
8.4134e-08
8.4134e-08
8.4134e-08
8.4134e-08
8.41341e-08
8.4134e-08
8.4134e-08
8.4134e-08
8.4134e-08
8.41341e-08
8.4134e-08
8.4134e-08
8.41341e-08
8.4134e-08
8.4134e-08
8.4134e-08
8.4134e-08
8.4134e-08
8.4134e-08
8.4134e-08
8.4134e-08
8.41341e-08
8.4134e-08
8.4134e-08
8.4134e-08
8.4134e-08
8.41341e-08
8.4134e-08
8.4134e-08
8.41341e-08
8.4134e-08
8.4134e-08
8.4134e-08
8.4134e-08
8.41341e-08
8.4134e-08
8.4134e-08
8.41341e-08
8.41341e-08
8.4134e-08
8.4134e-08
8.4134e-08
8.4134e-08
8.4134e-08
8.4134e-08
8.4134e-08
8.4134e-08
8.41341e-08
8.4134e-08
8.4134e-08
8.4134e-08
8.4134e-08
8.4134e-08
8.4134e-08
8.41341e-08
8.4134e-08
8.4134e-08
8.4134e-08
8.4134e-08
8.4134e-08
8.4134e-08
8.4134e-08
8.4134e-08
8.4134e-08
8.4134e-08
8.4134e-08
8.4134e-08
8.4134e-08
8.4134e-08
8.4134e-08
8.4134e-08
8.4134e-08
8.4134e-08
8.4134e-08
8.4134e-08
8.4134e-08
8.4134e-08
8.4134e-08
8.4134e-08
8.4134e-08
8.4134e-08
8.4134e-08
8.4134e-08
8.4134e-08
8.4134e-08
8.4134e-08
8.4134e-08
8.41341e-08
8.4134e-08
8.4134e-08
8.4134e-08
8.4134e-08
8.4134e-08
8.4134e-08
8.4134e-08
8.4134e-08
8.4134e-08
8.4134e-08
8.41341e-08
8.4134e-08
8.41341e-08
8.4134e-08
8.4134e-08
8.4134e-08
8.4134e-08
8.4134e-08
8.4134e-08
8.4134e-08
8.4134e-08
8.4134e-08
8.4134e-08
8.4134e-08
8.4134e-08
8.4134e-08
8.4134e-08
8.4134e-08
8.4134e-08
8.41341e-08
8.4134e-08
8.41341e-08
8.4134e-08
8.4134e-08
8.4134e-08
8.4134e-08
8.41341e-08
8.4134e-08
8.4134e-08
8.4134e-08
8.4134e-08
8.4134e-08
8.4134e-08
8.4134e-08
8.41341e-08
8.4134e-08
8.4134e-08
8.41341e-08
8.4134e-08
8.4134e-08
8.4134e-08
8.41341e-08
8.41341e-08
8.41341e-08
8.41341e-08
8.41341e-08
8.41341e-08
8.41341e-08
8.41341e-08
8.41341e-08
8.41342e-08
8.41349e-08
8.41383e-08
8.41522e-08
8.4192e-08
8.42707e-08
8.44306e-08
8.47498e-08
8.53515e-08
8.64216e-08
8.82152e-08
9.10532e-08
9.53066e-08
1.01376e-07
1.09672e-07
1.20617e-07
1.34553e-07
1.51741e-07
1.72267e-07
1.97405e-07
2.26646e-07
2.62192e-07
3.03027e-07
3.53219e-07
4.1084e-07
4.7626e-07
5.43689e-07
6.08554e-07
6.55414e-07
6.99295e-07
7.02757e-07
7.55308e-07
7.29775e-07
8.14832e-07
7.9006e-07
8.82178e-07
9.03699e-07
9.79382e-07
1.04825e-06
1.12009e-06
1.18879e-06
1.25519e-06
1.31053e-06
1.33505e-06
1.099e-06
7.27947e-07
7.22678e-07
2.20503e-07
1.77915e-06
4.45455e-07
7.32249e-07
5.18673e-07
5.17433e-07
4.68245e-07
4.59701e-07
5.0073e-07
6.01857e-07
6.7715e-07
1.14242e-06
2.20963e-06
4.40769e-06
6.38641e-06
7.53133e-06
8.03823e-06
8.246e-06
8.3292e-06
8.36894e-06
8.38858e-06
8.39995e-06
8.40589e-06
8.40938e-06
8.41124e-06
8.41228e-06
8.41284e-06
8.41314e-06
8.41328e-06
8.41334e-06
8.41337e-06
8.41338e-06
8.41339e-06
8.41339e-06
8.41339e-06
8.41339e-06
8.4134e-06
8.4134e-06
8.4134e-06
8.41339e-06
8.41339e-06
8.41339e-06
8.41339e-06
8.41339e-06
8.41339e-06
8.41339e-06
8.4134e-06
8.4134e-06
8.4134e-06
8.4134e-06
8.4134e-06
8.4134e-06
8.4134e-06
8.4134e-06
8.4134e-06
8.4134e-06
8.4134e-06
8.4134e-06
8.4134e-06
8.4134e-06
8.4134e-06
8.4134e-06
8.4134e-06
8.4134e-06
8.4134e-06
8.4134e-06
8.4134e-06
8.4134e-06
8.4134e-06
8.4134e-06
8.4134e-06
8.4134e-06
8.4134e-06
8.4134e-06
8.4134e-06
8.4134e-06
8.4134e-06
8.4134e-06
8.4134e-06
8.4134e-06
8.4134e-06
8.4134e-06
8.4134e-06
8.4134e-06
8.4134e-06
8.4134e-06
8.4134e-06
8.4134e-06
8.4134e-06
8.4134e-06
8.4134e-06
8.4134e-06
8.4134e-06
8.4134e-06
8.4134e-06
8.4134e-06
8.4134e-06
8.4134e-06
8.4134e-06
8.4134e-06
8.4134e-06
8.4134e-06
8.4134e-06
8.4134e-06
8.4134e-06
8.4134e-06
8.4134e-06
8.4134e-06
8.4134e-06
8.4134e-06
8.4134e-06
8.4134e-06
8.4134e-06
8.4134e-06
8.4134e-06
8.4134e-06
8.4134e-06
8.4134e-06
8.4134e-06
8.4134e-06
8.4134e-06
8.4134e-06
8.4134e-06
8.4134e-06
8.4134e-06
8.4134e-06
8.4134e-06
8.4134e-06
8.4134e-06
8.4134e-06
8.4134e-06
8.4134e-06
8.4134e-06
8.4134e-06
8.4134e-06
8.4134e-06
8.4134e-06
8.4134e-06
8.4134e-06
8.4134e-06
8.4134e-06
8.4134e-06
8.4134e-06
8.4134e-06
8.4134e-06
8.4134e-06
8.4134e-06
8.4134e-06
8.4134e-06
8.4134e-06
8.4134e-06
8.4134e-06
8.4134e-06
8.4134e-06
8.4134e-06
8.4134e-06
8.4134e-06
8.4134e-06
8.4134e-06
8.4134e-06
8.4134e-06
8.4134e-06
8.4134e-06
8.4134e-06
8.4134e-06
8.4134e-06
8.4134e-06
8.4134e-06
8.4134e-06
8.4134e-06
8.4134e-06
8.4134e-06
8.4134e-06
8.4134e-06
8.4134e-06
8.4134e-06
8.4134e-06
8.4134e-06
8.4134e-06
8.4134e-06
8.4134e-06
8.4134e-06
8.4134e-06
8.4134e-06
8.4134e-06
8.4134e-06
8.4134e-06
8.4134e-06
8.4134e-06
8.4134e-06
8.4134e-06
8.4134e-06
8.4134e-06
8.4134e-06
8.4134e-06
8.4134e-06
8.4134e-06
8.4134e-06
8.4134e-06
8.4134e-06
8.4134e-06
8.4134e-06
8.4134e-06
8.4134e-06
8.4134e-06
8.4134e-06
8.4134e-06
8.4134e-06
8.4134e-06
8.4134e-06
8.4134e-06
8.4134e-06
8.4134e-06
8.4134e-06
8.4134e-06
8.4134e-06
8.4134e-06
8.4134e-06
8.4134e-06
8.4134e-06
8.4134e-06
8.4134e-06
8.4134e-06
8.4134e-06
8.4134e-06
8.4134e-06
8.4134e-06
8.4134e-06
8.4134e-06
8.4134e-06
8.4134e-06
8.4134e-06
8.4134e-06
8.4134e-06
8.4134e-06
8.4134e-06
8.4134e-06
8.4134e-06
8.4134e-06
8.4134e-06
8.4134e-06
8.4134e-06
8.4134e-06
8.4134e-06
8.4134e-06
8.4134e-06
8.4134e-06
8.4134e-06
8.4134e-06
8.4134e-06
8.4134e-06
8.4134e-06
8.4134e-06
8.4134e-06
8.4134e-06
8.4134e-06
8.4134e-06
8.4134e-06
8.4134e-06
8.4134e-06
8.4134e-06
8.4134e-06
8.4134e-06
8.4134e-06
8.4134e-06
8.4134e-06
8.4134e-06
8.4134e-06
8.4134e-06
8.4134e-06
8.4134e-06
8.4134e-06
8.4134e-06
8.4134e-06
8.4134e-06
8.4134e-06
8.4134e-06
8.4134e-06
8.4134e-06
8.4134e-06
8.4134e-06
8.4134e-06
8.4134e-06
8.4134e-06
8.4134e-06
8.4134e-06
8.4134e-06
8.4134e-06
8.4134e-06
8.4134e-06
8.4134e-06
8.4134e-06
8.4134e-06
8.4134e-06
8.4134e-06
8.4134e-06
8.4134e-06
8.4134e-06
8.4134e-06
8.4134e-06
8.4134e-06
8.4134e-06
8.4134e-06
8.4134e-06
8.4134e-06
8.4134e-06
8.4134e-06
8.4134e-06
8.4134e-06
8.4134e-06
8.4134e-06
8.4134e-06
8.4134e-06
8.4134e-06
8.4134e-06
8.4134e-06
8.4134e-06
8.4134e-06
8.4134e-06
8.4134e-06
8.4134e-06
8.4134e-06
8.4134e-06
8.4134e-06
8.4134e-06
8.4134e-06
8.4134e-06
8.4134e-06
8.4134e-06
8.4134e-06
8.4134e-06
8.4134e-06
8.4134e-06
8.4134e-06
8.4134e-06
8.4134e-06
8.4134e-06
8.4134e-06
8.4134e-06
8.4134e-06
8.4134e-06
8.4134e-06
8.4134e-06
8.4134e-06
8.4134e-06
8.4134e-06
8.4134e-06
8.4134e-06
8.4134e-06
8.4134e-06
8.4134e-06
8.4134e-06
8.4134e-06
8.4134e-06
8.4134e-06
8.4134e-06
8.4134e-06
8.4134e-06
8.4134e-06
8.4134e-06
8.4134e-06
8.4134e-06
8.4134e-06
8.4134e-06
8.4134e-06
8.4134e-06
8.4134e-06
8.4134e-06
8.4134e-06
8.4134e-06
8.4134e-06
8.4134e-06
8.4134e-06
8.4134e-06
8.4134e-06
8.41339e-06
8.4134e-06
8.4134e-06
8.4134e-06
8.4134e-06
8.4134e-06
8.4134e-06
8.4134e-06
8.4134e-06
8.4134e-06
8.4134e-06
8.4134e-06
8.4134e-06
8.4134e-06
8.4134e-06
8.4134e-06
8.4134e-06
8.4134e-06
8.4134e-06
8.4134e-06
8.4134e-06
8.4134e-06
8.4134e-06
8.4134e-06
8.4134e-06
)
;

boundaryField
{
    sides
    {
        type            calculated;
        value           nonuniform List<scalar> 2(8.4134e-06 8.4134e-08);
    }
    empty1
    {
        type            empty;
    }
    empty2
    {
        type            empty;
    }
}


// ************************************************************************* //
