/*--------------------------------*- C++ -*----------------------------------*\
| =========                 |                                                 |
| \\      /  F ield         | OpenFOAM: The Open Source CFD Toolbox           |
|  \\    /   O peration     | Version:  2312                                  |
|   \\  /    A nd           | Website:  www.openfoam.com                      |
|    \\/     M anipulation  |                                                 |
\*---------------------------------------------------------------------------*/
FoamFile
{
    version     2.0;
    format      ascii;
    arch        "LSB;label=32;scalar=64";
    class       volScalarField;
    location    "5e-05";
    object      thermo:psiLiqEff;
}
// * * * * * * * * * * * * * * * * * * * * * * * * * * * * * * * * * * * * * //

dimensions      [-2 4 2 0 0 0 0];

internalField   nonuniform List<scalar> 
800
(
4.87377e-13
4.87377e-13
4.87377e-13
4.87377e-13
4.87377e-13
4.87377e-13
4.87377e-13
4.87377e-13
4.87377e-13
4.87377e-13
4.87377e-13
4.87377e-13
4.87377e-13
4.87377e-13
4.87377e-13
4.87377e-13
4.87377e-13
4.87377e-13
4.87377e-13
4.87377e-13
4.87377e-13
4.87377e-13
4.87377e-13
4.87377e-13
4.87377e-13
4.87377e-13
4.87377e-13
4.87377e-13
4.87377e-13
4.87377e-13
4.87377e-13
4.87377e-13
4.87377e-13
4.87377e-13
4.87377e-13
4.87377e-13
4.87377e-13
4.87377e-13
4.87377e-13
4.87377e-13
4.87377e-13
4.87377e-13
4.87377e-13
4.87377e-13
4.87377e-13
4.87377e-13
4.87377e-13
4.87377e-13
4.87377e-13
4.87377e-13
4.87377e-13
4.87377e-13
4.87377e-13
4.87377e-13
4.87377e-13
4.87377e-13
4.87377e-13
4.87377e-13
4.87377e-13
4.87377e-13
4.87377e-13
4.87377e-13
4.87377e-13
4.87377e-13
4.87377e-13
4.87377e-13
4.87377e-13
4.87377e-13
4.87377e-13
4.87377e-13
4.87377e-13
4.87377e-13
4.87377e-13
4.87377e-13
4.87377e-13
4.87377e-13
4.87377e-13
4.87377e-13
4.87377e-13
4.87377e-13
4.87377e-13
4.87377e-13
4.87377e-13
4.87377e-13
4.87377e-13
4.87377e-13
4.87377e-13
4.87377e-13
4.87377e-13
4.87377e-13
4.87377e-13
4.87377e-13
4.87377e-13
4.87377e-13
4.87377e-13
4.87377e-13
4.87377e-13
4.87377e-13
4.87377e-13
4.87377e-13
4.87377e-13
4.87377e-13
4.87377e-13
4.87377e-13
4.87377e-13
4.87377e-13
4.87377e-13
4.87377e-13
4.87377e-13
4.87377e-13
4.87377e-13
4.87377e-13
4.87377e-13
4.87377e-13
4.87377e-13
4.87377e-13
4.87377e-13
4.87377e-13
4.87377e-13
4.87377e-13
4.87377e-13
4.87377e-13
4.87377e-13
4.87377e-13
4.87377e-13
4.87377e-13
4.87377e-13
4.87377e-13
4.87377e-13
4.87377e-13
4.87377e-13
4.87377e-13
4.87377e-13
4.87377e-13
4.87377e-13
4.87377e-13
4.87377e-13
4.87377e-13
4.87377e-13
4.87377e-13
4.87377e-13
4.87377e-13
4.87377e-13
4.87377e-13
4.87377e-13
4.87377e-13
4.87377e-13
4.87377e-13
4.87377e-13
4.87377e-13
4.87377e-13
4.87377e-13
4.87377e-13
4.87377e-13
4.87377e-13
4.87377e-13
4.87377e-13
4.87377e-13
4.87377e-13
4.87377e-13
4.87377e-13
4.87377e-13
4.87377e-13
4.87377e-13
4.87377e-13
4.87377e-13
4.87377e-13
4.87377e-13
4.87377e-13
4.87377e-13
4.87377e-13
4.87377e-13
4.87377e-13
4.87377e-13
4.87377e-13
4.87377e-13
4.87377e-13
4.87377e-13
4.87377e-13
4.87377e-13
4.87377e-13
4.87377e-13
4.87377e-13
4.87377e-13
4.87377e-13
4.87377e-13
4.87377e-13
4.87377e-13
4.87377e-13
4.87377e-13
4.87377e-13
4.87377e-13
4.87377e-13
4.87377e-13
4.87377e-13
4.87377e-13
4.87377e-13
4.87377e-13
4.87377e-13
4.87377e-13
4.87377e-13
4.87377e-13
4.87377e-13
4.87377e-13
4.87377e-13
4.87377e-13
4.87377e-13
4.87377e-13
4.87377e-13
4.87377e-13
4.87377e-13
4.87377e-13
4.87377e-13
4.87377e-13
4.87377e-13
4.87377e-13
4.87377e-13
4.87377e-13
4.87377e-13
4.87377e-13
4.87377e-13
4.87377e-13
4.87377e-13
4.87377e-13
4.87377e-13
4.87377e-13
4.87377e-13
4.87377e-13
4.87377e-13
4.87377e-13
4.87377e-13
4.87377e-13
4.87377e-13
4.87377e-13
4.87377e-13
4.87377e-13
4.87377e-13
4.87377e-13
4.87377e-13
4.87377e-13
4.87377e-13
4.87377e-13
4.87377e-13
4.87377e-13
4.87377e-13
4.87377e-13
4.87377e-13
4.87377e-13
4.87377e-13
4.87377e-13
4.87377e-13
4.87377e-13
4.87377e-13
4.87377e-13
4.87377e-13
4.87377e-13
4.87377e-13
4.87377e-13
4.87377e-13
4.87377e-13
4.87377e-13
4.87377e-13
4.87377e-13
4.87377e-13
4.87377e-13
4.87377e-13
4.87377e-13
4.87377e-13
4.87377e-13
4.87377e-13
4.87377e-13
4.87377e-13
4.87377e-13
4.87377e-13
4.87377e-13
4.87377e-13
4.87377e-13
4.87377e-13
4.87377e-13
4.87377e-13
4.87377e-13
4.87377e-13
4.87377e-13
4.87377e-13
4.87377e-13
4.87377e-13
4.87377e-13
4.87377e-13
4.87377e-13
4.87377e-13
4.87377e-13
4.87377e-13
4.87377e-13
4.87377e-13
4.87377e-13
4.87377e-13
4.87377e-13
4.87377e-13
4.87377e-13
4.87377e-13
4.87377e-13
4.87377e-13
4.87377e-13
4.87377e-13
4.87377e-13
4.87377e-13
4.87377e-13
4.87377e-13
4.87377e-13
4.87377e-13
4.87377e-13
4.87377e-13
4.87377e-13
4.87377e-13
4.87377e-13
4.87377e-13
4.87377e-13
4.87377e-13
4.87377e-13
4.87377e-13
4.87377e-13
4.87377e-13
4.87377e-13
4.87377e-13
4.87377e-13
4.87377e-13
4.87377e-13
4.87377e-13
4.87377e-13
4.87377e-13
4.87377e-13
4.87377e-13
4.87377e-13
4.87377e-13
4.87377e-13
4.87377e-13
4.87377e-13
4.87377e-13
4.87377e-13
4.87377e-13
4.87377e-13
4.87377e-13
4.87377e-13
4.87377e-13
4.87377e-13
4.87377e-13
4.87377e-13
4.87377e-13
4.87377e-13
4.87377e-13
4.87377e-13
4.87377e-13
4.87377e-13
4.87378e-13
4.87378e-13
4.87382e-13
4.87404e-13
4.87475e-13
4.87594e-13
4.87835e-13
4.88296e-13
4.89125e-13
4.90523e-13
4.9273e-13
4.95995e-13
5.0053e-13
5.06476e-13
5.13877e-13
5.22681e-13
5.32687e-13
5.43666e-13
5.55494e-13
5.6799e-13
5.8129e-13
5.94919e-13
6.09417e-13
6.24049e-13
6.39111e-13
6.52922e-13
6.64293e-13
6.71781e-13
6.76012e-13
6.75045e-13
6.695e-13
6.67035e-13
6.49371e-13
6.40219e-13
6.09661e-13
5.86482e-13
5.49669e-13
5.15496e-13
4.80692e-13
4.49145e-13
4.22312e-13
4.00852e-13
3.84221e-13
3.71651e-13
3.6777e-13
4.35685e-13
4.88718e-13
4.87248e-13
4.87648e-13
4.87548e-13
4.87595e-13
4.87551e-13
4.87544e-13
4.87531e-13
4.87523e-13
4.87543e-13
4.87568e-13
4.87591e-13
4.87658e-13
4.87723e-13
4.87773e-13
4.87793e-13
4.878e-13
4.87803e-13
4.87804e-13
4.87805e-13
4.87805e-13
4.87805e-13
4.87805e-13
4.87805e-13
4.87805e-13
4.87805e-13
4.87805e-13
4.87805e-13
4.87805e-13
4.87805e-13
4.87805e-13
4.87805e-13
4.87805e-13
4.87805e-13
4.87805e-13
4.87805e-13
4.87805e-13
4.87805e-13
4.87805e-13
4.87805e-13
4.87805e-13
4.87805e-13
4.87805e-13
4.87805e-13
4.87805e-13
4.87805e-13
4.87805e-13
4.87805e-13
4.87805e-13
4.87805e-13
4.87805e-13
4.87805e-13
4.87805e-13
4.87805e-13
4.87805e-13
4.87805e-13
4.87805e-13
4.87805e-13
4.87805e-13
4.87805e-13
4.87805e-13
4.87805e-13
4.87805e-13
4.87805e-13
4.87805e-13
4.87805e-13
4.87805e-13
4.87805e-13
4.87805e-13
4.87805e-13
4.87805e-13
4.87805e-13
4.87805e-13
4.87805e-13
4.87805e-13
4.87805e-13
4.87805e-13
4.87805e-13
4.87805e-13
4.87805e-13
4.87805e-13
4.87805e-13
4.87805e-13
4.87805e-13
4.87805e-13
4.87805e-13
4.87805e-13
4.87805e-13
4.87805e-13
4.87805e-13
4.87805e-13
4.87805e-13
4.87805e-13
4.87805e-13
4.87805e-13
4.87805e-13
4.87805e-13
4.87805e-13
4.87805e-13
4.87805e-13
4.87805e-13
4.87805e-13
4.87805e-13
4.87805e-13
4.87805e-13
4.87805e-13
4.87805e-13
4.87805e-13
4.87805e-13
4.87805e-13
4.87805e-13
4.87805e-13
4.87805e-13
4.87805e-13
4.87805e-13
4.87805e-13
4.87805e-13
4.87805e-13
4.87805e-13
4.87805e-13
4.87805e-13
4.87805e-13
4.87805e-13
4.87805e-13
4.87805e-13
4.87805e-13
4.87805e-13
4.87805e-13
4.87805e-13
4.87805e-13
4.87805e-13
4.87805e-13
4.87805e-13
4.87805e-13
4.87805e-13
4.87805e-13
4.87805e-13
4.87805e-13
4.87805e-13
4.87805e-13
4.87805e-13
4.87805e-13
4.87805e-13
4.87805e-13
4.87805e-13
4.87805e-13
4.87805e-13
4.87805e-13
4.87805e-13
4.87805e-13
4.87805e-13
4.87805e-13
4.87805e-13
4.87805e-13
4.87805e-13
4.87805e-13
4.87805e-13
4.87805e-13
4.87805e-13
4.87805e-13
4.87805e-13
4.87805e-13
4.87805e-13
4.87805e-13
4.87805e-13
4.87805e-13
4.87805e-13
4.87805e-13
4.87805e-13
4.87805e-13
4.87805e-13
4.87805e-13
4.87805e-13
4.87805e-13
4.87805e-13
4.87805e-13
4.87805e-13
4.87805e-13
4.87805e-13
4.87805e-13
4.87805e-13
4.87805e-13
4.87805e-13
4.87805e-13
4.87805e-13
4.87805e-13
4.87805e-13
4.87805e-13
4.87805e-13
4.87805e-13
4.87805e-13
4.87805e-13
4.87805e-13
4.87805e-13
4.87805e-13
4.87805e-13
4.87805e-13
4.87805e-13
4.87805e-13
4.87805e-13
4.87805e-13
4.87805e-13
4.87805e-13
4.87805e-13
4.87805e-13
4.87805e-13
4.87805e-13
4.87805e-13
4.87805e-13
4.87805e-13
4.87805e-13
4.87805e-13
4.87805e-13
4.87805e-13
4.87805e-13
4.87805e-13
4.87805e-13
4.87805e-13
4.87805e-13
4.87805e-13
4.87805e-13
4.87805e-13
4.87805e-13
4.87805e-13
4.87805e-13
4.87805e-13
4.87805e-13
4.87805e-13
4.87805e-13
4.87805e-13
4.87805e-13
4.87805e-13
4.87805e-13
4.87805e-13
4.87805e-13
4.87805e-13
4.87805e-13
4.87805e-13
4.87805e-13
4.87805e-13
4.87805e-13
4.87805e-13
4.87805e-13
4.87805e-13
4.87805e-13
4.87805e-13
4.87805e-13
4.87805e-13
4.87805e-13
4.87805e-13
4.87805e-13
4.87805e-13
4.87805e-13
4.87805e-13
4.87805e-13
4.87805e-13
4.87805e-13
4.87805e-13
4.87805e-13
4.87805e-13
4.87805e-13
4.87805e-13
4.87805e-13
4.87805e-13
4.87805e-13
4.87805e-13
4.87805e-13
4.87805e-13
4.87805e-13
4.87805e-13
4.87805e-13
4.87805e-13
4.87805e-13
4.87805e-13
4.87805e-13
4.87805e-13
4.87805e-13
4.87805e-13
4.87805e-13
4.87805e-13
4.87805e-13
4.87805e-13
4.87805e-13
4.87805e-13
4.87805e-13
4.87805e-13
4.87805e-13
4.87805e-13
4.87805e-13
4.87805e-13
4.87805e-13
4.87805e-13
4.87805e-13
4.87805e-13
4.87805e-13
4.87805e-13
4.87805e-13
4.87805e-13
4.87805e-13
4.87805e-13
4.87805e-13
4.87805e-13
4.87805e-13
4.87805e-13
4.87805e-13
4.87805e-13
4.87805e-13
4.87805e-13
4.87805e-13
4.87805e-13
4.87805e-13
4.87805e-13
4.87805e-13
4.87805e-13
4.87805e-13
4.87805e-13
4.87805e-13
4.87805e-13
4.87805e-13
4.87805e-13
4.87805e-13
4.87805e-13
4.87805e-13
4.87805e-13
4.87805e-13
4.87805e-13
4.87805e-13
4.87805e-13
4.87805e-13
4.87805e-13
4.87805e-13
4.87805e-13
4.87805e-13
4.87805e-13
4.87805e-13
4.87805e-13
4.87805e-13
4.87805e-13
4.87805e-13
4.87805e-13
4.87805e-13
4.87805e-13
4.87805e-13
4.87805e-13
4.87805e-13
4.87805e-13
4.87805e-13
4.87805e-13
4.87805e-13
4.87805e-13
4.87805e-13
4.87805e-13
4.87805e-13
4.87805e-13
4.87805e-13
4.87805e-13
4.87805e-13
4.87805e-13
4.87805e-13
4.87805e-13
4.87805e-13
4.87805e-13
4.87805e-13
4.87805e-13
4.87805e-13
4.87805e-13
4.87805e-13
4.87805e-13
4.87805e-13
4.87805e-13
4.87805e-13
4.87805e-13
4.87805e-13
4.87805e-13
4.87805e-13
4.87805e-13
4.87805e-13
4.87805e-13
4.87805e-13
4.87805e-13
4.87805e-13
4.87805e-13
4.87805e-13
4.87805e-13
4.87805e-13
4.87805e-13
4.87805e-13
4.87805e-13
4.87805e-13
4.87805e-13
4.87805e-13
4.87805e-13
4.87805e-13
4.87805e-13
4.87805e-13
4.87805e-13
4.87805e-13
4.87805e-13
4.87805e-13
4.87805e-13
4.87805e-13
)
;

boundaryField
{
    sides
    {
        type            calculated;
        value           nonuniform List<scalar> 2(4.87805e-13 4.87377e-13);
    }
    empty1
    {
        type            empty;
    }
    empty2
    {
        type            empty;
    }
}


// ************************************************************************* //
