/*--------------------------------*- C++ -*----------------------------------*\
| =========                 |                                                 |
| \\      /  F ield         | OpenFOAM: The Open Source CFD Toolbox           |
|  \\    /   O peration     | Version:  2312                                  |
|   \\  /    A nd           | Website:  www.openfoam.com                      |
|    \\/     M anipulation  |                                                 |
\*---------------------------------------------------------------------------*/
FoamFile
{
    version     2.0;
    format      ascii;
    arch        "LSB;label=32;scalar=64";
    class       volScalarField;
    location    "5e-05";
    object      cSound;
}
// * * * * * * * * * * * * * * * * * * * * * * * * * * * * * * * * * * * * * //

dimensions      [0 1 -1 0 0 0 0];

internalField   nonuniform List<scalar> 
800
(
343.407
343.407
343.407
343.407
343.407
343.407
343.407
343.407
343.407
343.407
343.407
343.407
343.407
343.407
343.407
343.407
343.407
343.407
343.407
343.407
343.407
343.407
343.407
343.407
343.407
343.407
343.407
343.407
343.407
343.407
343.407
343.407
343.407
343.407
343.407
343.407
343.407
343.407
343.407
343.407
343.407
343.407
343.407
343.407
343.407
343.407
343.407
343.407
343.407
343.407
343.407
343.407
343.407
343.407
343.407
343.407
343.407
343.407
343.407
343.407
343.407
343.407
343.407
343.407
343.407
343.407
343.407
343.407
343.407
343.407
343.407
343.407
343.407
343.407
343.407
343.407
343.407
343.407
343.407
343.407
343.407
343.407
343.407
343.407
343.407
343.407
343.407
343.407
343.407
343.407
343.407
343.407
343.407
343.407
343.407
343.407
343.407
343.407
343.407
343.407
343.407
343.407
343.407
343.407
343.407
343.407
343.407
343.407
343.407
343.407
343.407
343.407
343.407
343.407
343.407
343.407
343.407
343.407
343.407
343.407
343.407
343.407
343.407
343.407
343.407
343.407
343.407
343.407
343.407
343.407
343.407
343.407
343.407
343.407
343.407
343.407
343.407
343.407
343.407
343.407
343.407
343.407
343.407
343.407
343.407
343.407
343.407
343.407
343.407
343.407
343.407
343.407
343.407
343.407
343.407
343.407
343.407
343.407
343.407
343.407
343.407
343.407
343.407
343.407
343.407
343.407
343.407
343.407
343.407
343.407
343.407
343.407
343.407
343.407
343.407
343.407
343.407
343.407
343.407
343.407
343.407
343.407
343.407
343.407
343.407
343.407
343.407
343.407
343.407
343.407
343.407
343.407
343.407
343.407
343.407
343.407
343.407
343.407
343.407
343.407
343.407
343.407
343.407
343.407
343.407
343.407
343.407
343.407
343.407
343.407
343.407
343.407
343.407
343.407
343.407
343.407
343.407
343.407
343.407
343.407
343.407
343.407
343.407
343.407
343.407
343.407
343.407
343.407
343.407
343.407
343.407
343.407
343.407
343.407
343.407
343.407
343.407
343.407
343.407
343.407
343.407
343.407
343.407
343.407
343.407
343.407
343.407
343.407
343.407
343.407
343.407
343.407
343.407
343.407
343.407
343.407
343.407
343.407
343.407
343.407
343.407
343.407
343.407
343.407
343.407
343.407
343.407
343.407
343.407
343.407
343.407
343.407
343.407
343.407
343.407
343.407
343.407
343.407
343.407
343.407
343.407
343.407
343.407
343.407
343.407
343.407
343.407
343.407
343.407
343.407
343.407
343.407
343.407
343.407
343.407
343.407
343.407
343.407
343.407
343.407
343.407
343.407
343.407
343.407
343.407
343.407
343.407
343.407
343.407
343.407
343.407
343.407
343.407
343.407
343.407
343.407
343.407
343.407
343.407
343.407
343.407
343.407
343.407
343.407
343.407
343.407
343.407
343.407
343.407
343.407
343.407
343.407
343.407
343.407
343.407
343.407
343.407
343.407
343.407
343.407
343.407
343.407
343.407
343.407
343.407
343.407
343.407
343.407
343.407
343.407
343.407
343.407
343.407
343.407
343.407
343.406
343.398
343.373
343.331
343.246
343.084
342.794
342.306
341.54
340.416
338.873
336.882
334.453
331.63
328.507
325.18
321.706
318.154
314.5
310.883
307.169
303.552
299.959
296.775
294.228
292.587
291.672
291.883
293.091
293.639
297.623
299.768
307.041
312.215
321.072
327.881
339.976
352.922
368.161
383.396
393.894
397.407
387.503
358.176
311.685
259.522
226.324
193.299
165.159
134.353
95.1827
1435.86
1466.2
1466.2
1466.2
1466.21
1466.21
1466.21
1466.21
1466.21
1466.2
1466.21
1466.21
1466.21
1466.21
1466.2
1466.2
1466.21
1466.2
1466.2
1466.2
1466.2
1466.21
1466.21
1466.21
1466.21
1466.21
1466.21
1466.2
1466.2
1466.21
1466.2
1466.2
1466.21
1466.21
1466.2
1466.21
1466.21
1466.21
1466.21
1466.2
1466.2
1466.21
1466.2
1466.2
1466.2
1466.2
1466.21
1466.21
1466.21
1466.21
1466.21
1466.21
1466.21
1466.2
1466.21
1466.2
1466.2
1466.21
1466.21
1466.2
1466.2
1466.2
1466.21
1466.21
1466.21
1466.21
1466.21
1466.21
1466.2
1466.2
1466.2
1466.21
1466.2
1466.21
1466.21
1466.21
1466.21
1466.2
1466.21
1466.21
1466.21
1466.2
1466.2
1466.21
1466.21
1466.2
1466.21
1466.21
1466.21
1466.21
1466.21
1466.21
1466.2
1466.21
1466.21
1466.21
1466.21
1466.21
1466.21
1466.2
1466.21
1466.2
1466.21
1466.2
1466.21
1466.21
1466.21
1466.21
1466.21
1466.21
1466.21
1466.2
1466.21
1466.21
1466.2
1466.2
1466.21
1466.21
1466.2
1466.21
1466.21
1466.21
1466.21
1466.21
1466.21
1466.21
1466.2
1466.2
1466.21
1466.21
1466.21
1466.21
1466.21
1466.21
1466.21
1466.21
1466.21
1466.21
1466.21
1466.21
1466.21
1466.21
1466.2
1466.21
1466.21
1466.21
1466.21
1466.21
1466.21
1466.21
1466.21
1466.21
1466.21
1466.2
1466.21
1466.2
1466.2
1466.21
1466.21
1466.21
1466.2
1466.2
1466.21
1466.21
1466.2
1466.21
1466.21
1466.21
1466.21
1466.2
1466.21
1466.21
1466.21
1466.21
1466.21
1466.21
1466.2
1466.2
1466.21
1466.21
1466.21
1466.21
1466.21
1466.21
1466.21
1466.21
1466.21
1466.21
1466.21
1466.21
1466.21
1466.21
1466.2
1466.21
1466.2
1466.21
1466.21
1466.2
1466.21
1466.21
1466.21
1466.21
1466.21
1466.2
1466.21
1466.2
1466.21
1466.2
1466.21
1466.2
1466.21
1466.2
1466.21
1466.21
1466.21
1466.21
1466.21
1466.21
1466.21
1466.2
1466.2
1466.21
1466.21
1466.21
1466.21
1466.21
1466.21
1466.21
1466.21
1466.21
1466.21
1466.21
1466.21
1466.2
1466.21
1466.2
1466.21
1466.21
1466.2
1466.21
1466.21
1466.21
1466.21
1466.2
1466.21
1466.21
1466.21
1466.2
1466.2
1466.2
1466.21
1466.21
1466.21
1466.21
1466.21
1466.21
1466.21
1466.21
1466.21
1466.21
1466.21
1466.21
1466.21
1466.21
1466.21
1466.2
1466.21
1466.21
1466.21
1466.21
1466.21
1466.21
1466.21
1466.2
1466.2
1466.21
1466.21
1466.21
1466.21
1466.21
1466.21
1466.21
1466.21
1466.21
1466.21
1466.2
1466.21
1466.21
1466.2
1466.21
1466.21
1466.21
1466.21
1466.21
1466.21
1466.21
1466.21
1466.21
1466.21
1466.2
1466.21
1466.21
1466.2
1466.21
1466.21
1466.21
1466.21
1466.21
1466.21
1466.2
1466.21
1466.21
1466.21
1466.21
1466.21
1466.21
1466.21
1466.21
1466.21
1466.21
1466.21
1466.21
1466.2
1466.21
1466.21
1466.21
1466.21
1466.21
1466.21
1466.21
1466.21
1466.21
1466.21
1466.21
1466.21
1466.2
1466.21
1466.21
1466.21
1466.21
1466.2
1466.21
1466.21
1466.21
1466.2
1466.21
1466.21
1466.21
1466.2
1466.21
1466.21
1466.21
1466.21
1466.2
1466.21
1466.21
1466.21
1466.21
1466.21
1466.21
1466.21
1466.2
1466.21
1466.21
1466.21
1466.2
1466.21
1466.2
1466.21
1466.2
1466.2
1466.21
1466.21
1466.21
1466.2
1466.21
1466.21
1466.21
1466.2
1466.21
1466.21
1466.21
1466.21
1466.21
1466.21
1466.21
1466.21
1466.21
1466.21
1466.21
1466.21
1466.21
1466.21
1466.21
)
;

boundaryField
{
    sides
    {
        type            calculated;
        value           nonuniform List<scalar> 2(1466.21 343.407);
    }
    empty1
    {
        type            empty;
    }
    empty2
    {
        type            empty;
    }
}


// ************************************************************************* //
