/*--------------------------------*- C++ -*----------------------------------*\
| =========                 |                                                 |
| \\      /  F ield         | OpenFOAM: The Open Source CFD Toolbox           |
|  \\    /   O peration     | Version:  2312                                  |
|   \\  /    A nd           | Website:  www.openfoam.com                      |
|    \\/     M anipulation  |                                                 |
\*---------------------------------------------------------------------------*/
FoamFile
{
    version     2.0;
    format      ascii;
    arch        "LSB;label=32;scalar=64";
    class       volScalarField;
    location    "5e-05";
    object      p;
}
// * * * * * * * * * * * * * * * * * * * * * * * * * * * * * * * * * * * * * //

dimensions      [1 -1 -2 0 0 0 0];

internalField   nonuniform List<scalar> 
800
(
1e+06
1e+06
1e+06
1e+06
1e+06
1e+06
1e+06
1e+06
1e+06
1e+06
1e+06
1e+06
1e+06
1e+06
1e+06
1e+06
1e+06
1e+06
1e+06
1e+06
1e+06
1e+06
1e+06
1e+06
1e+06
1e+06
1e+06
1e+06
1e+06
1e+06
1e+06
1e+06
1e+06
1e+06
1e+06
1e+06
1e+06
1e+06
1e+06
1e+06
1e+06
1e+06
1e+06
1e+06
1e+06
1e+06
1e+06
1e+06
1e+06
1e+06
1e+06
1e+06
1e+06
1e+06
1e+06
1e+06
1e+06
1e+06
1e+06
1e+06
1e+06
1e+06
1e+06
1e+06
1e+06
1e+06
1e+06
1e+06
1e+06
1e+06
1e+06
1e+06
1e+06
1e+06
1e+06
1e+06
1e+06
1e+06
1e+06
1e+06
1e+06
1e+06
1e+06
1e+06
1e+06
1e+06
1e+06
1e+06
1e+06
1e+06
1e+06
1e+06
1e+06
1e+06
1e+06
1e+06
1e+06
1e+06
1e+06
1e+06
1e+06
1e+06
1e+06
1e+06
1e+06
1e+06
1e+06
1e+06
1e+06
1e+06
1e+06
1e+06
1e+06
1e+06
1e+06
1e+06
1e+06
1e+06
1e+06
1e+06
1e+06
1e+06
1e+06
1e+06
1e+06
1e+06
1e+06
1e+06
1e+06
1e+06
1e+06
1e+06
1e+06
1e+06
1e+06
1e+06
1e+06
1e+06
1e+06
1e+06
1e+06
1e+06
1e+06
1e+06
1e+06
1e+06
1e+06
1e+06
1e+06
1e+06
1e+06
1e+06
1e+06
1e+06
1e+06
1e+06
1e+06
1e+06
1e+06
1e+06
1e+06
1e+06
1e+06
1e+06
1e+06
1e+06
1e+06
1e+06
1e+06
1e+06
1e+06
1e+06
1e+06
1e+06
1e+06
1e+06
1e+06
1e+06
1e+06
1e+06
1e+06
1e+06
1e+06
1e+06
1e+06
1e+06
1e+06
1e+06
1e+06
1e+06
1e+06
1e+06
1e+06
1e+06
1e+06
1e+06
1e+06
1e+06
1e+06
1e+06
1e+06
1e+06
1e+06
1e+06
1e+06
1e+06
1e+06
1e+06
1e+06
1e+06
1e+06
1e+06
1e+06
1e+06
1e+06
1e+06
1e+06
1e+06
1e+06
1e+06
1e+06
1e+06
1e+06
1e+06
1e+06
1e+06
1e+06
1e+06
1e+06
1e+06
1e+06
1e+06
1e+06
1e+06
1e+06
1e+06
1e+06
1e+06
1e+06
1e+06
1e+06
1e+06
1e+06
1e+06
1e+06
1e+06
1e+06
1e+06
1e+06
1e+06
1e+06
1e+06
1e+06
1e+06
1e+06
1e+06
1e+06
1e+06
1e+06
1e+06
1e+06
1e+06
1e+06
1e+06
1e+06
1e+06
1e+06
1e+06
1e+06
1e+06
1e+06
1e+06
1e+06
1e+06
1e+06
1e+06
1e+06
1e+06
1e+06
1e+06
1e+06
1e+06
1e+06
1e+06
1e+06
1e+06
1e+06
1e+06
1e+06
1e+06
1e+06
1e+06
1e+06
1e+06
1e+06
1e+06
1e+06
1e+06
1e+06
1e+06
1e+06
1e+06
1e+06
1e+06
1e+06
1e+06
1e+06
1e+06
1e+06
1e+06
1e+06
1e+06
1e+06
1e+06
1e+06
1e+06
1e+06
1e+06
1e+06
1e+06
1e+06
1e+06
1e+06
1e+06
1e+06
1e+06
1e+06
1e+06
1e+06
1e+06
1e+06
1e+06
1e+06
1e+06
1e+06
1e+06
1e+06
1e+06
1e+06
1e+06
1e+06
1e+06
1e+06
1e+06
1e+06
1e+06
1e+06
1e+06
1e+06
1e+06
1e+06
1e+06
1e+06
999999
999994
999970
999865
999556
998967
997774
995425
991070
983513
971284
952883
927156
893691
853028
806539
756439
705097
654688
604832
557985
512819
471315
431407
395277
363230
337043
316798
304309
294821
295317
285409
294392
280670
291423
277728
277318
275552
289593
285287
285892
285713
283883
283148
284990
290831
283627
246483
154306
106823
100666
100096
100019
100042
100022
100023
100016
100014
100010
100008
100006
100004
100003
100002
100001
100001
100001
100000
100000
100000
100000
100000
100000
100000
100000
100000
100000
100000
100000
100000
100000
100000
100000
100000
100000
100000
100000
100000
100000
100000
100000
100000
100000
100000
100000
100000
100000
100000
100000
100000
100000
100000
100000
100000
100000
100000
100000
100000
100000
100000
100000
100000
100000
100000
100000
100000
100000
100000
100000
100000
100000
100000
100000
100000
100000
100000
100000
100000
100000
100000
100000
100000
100000
100000
100000
100000
100000
100000
100000
100000
100000
100000
100000
100000
100000
100000
100000
100000
100000
100000
100000
100000
100000
100000
100000
100000
100000
100000
100000
100000
100000
100000
100000
100000
100000
100000
100000
100000
100000
100000
100000
100000
100000
100000
100000
100000
100000
100000
100000
100000
100000
100000
100000
100000
100000
100000
100000
100000
100000
100000
100000
100000
100000
100000
100000
100000
100000
100000
100000
100000
100000
100000
100000
100000
100000
100000
100000
100000
100000
100000
100000
100000
100000
100000
100000
100000
100000
100000
100000
100000
100000
100000
100000
100000
100000
100000
100000
100000
100000
100000
100000
100000
100000
100000
100000
100000
100000
100000
100000
100000
100000
100000
100000
100000
100000
100000
100000
100000
100000
100000
100000
100000
100000
100000
100000
100000
100000
100000
100000
100000
100000
100000
100000
100000
100000
100000
100000
100000
100000
100000
100000
100000
100000
100000
100000
100000
100000
100000
100000
100000
100000
100000
100000
100000
100000
100000
100000
100000
100000
100000
100000
100000
100000
100000
100000
100000
100000
100000
100000
100000
100000
100000
100000
100000
100000
100000
100000
100000
100000
100000
100000
100000
100000
100000
100000
100000
100000
100000
100000
100000
100000
100000
100000
100000
100000
100000
100000
100000
100000
100000
100000
100000
100000
100000
100000
100000
100000
100000
100000
100000
100000
100000
100000
100000
100000
100000
100000
100000
100000
100000
100000
100000
100000
100000
100000
100000
100000
100000
100000
100000
100000
100000
100000
100000
100000
100000
100000
100000
100000
100000
100000
100000
100000
100000
100000
100000
100000
100000
100000
100000
100000
100000
100000
100000
100000
100000
100000
100000
100000
100000
100000
100000
100000
100000
100000
100000
100000
100000
100000
100000
100000
100000
100000
100000
100000
100000
100000
100000
100000
100000
100000
100000
100000
100000
100000
100000
100000
100000
100000
100000
100000
100000
100000
100000
100000
100000
100000
100000
100000
100000
100000
100000
100000
100000
100000
100000
100000
100000
100000
100000
100000
100000
100000
100000
100000
100000
100000
)
;

boundaryField
{
    sides
    {
        type            zeroGradient;
    }
    empty1
    {
        type            empty;
    }
    empty2
    {
        type            empty;
    }
}


// ************************************************************************* //
