/*--------------------------------*- C++ -*----------------------------------*\
| =========                 |                                                 |
| \\      /  F ield         | OpenFOAM: The Open Source CFD Toolbox           |
|  \\    /   O peration     | Version:  2312                                  |
|   \\  /    A nd           | Website:  www.openfoam.com                      |
|    \\/     M anipulation  |                                                 |
\*---------------------------------------------------------------------------*/
FoamFile
{
    version     2.0;
    format      ascii;
    arch        "LSB;label=32;scalar=64";
    class       surfaceScalarField;
    location    "5e-05";
    object      phiRhoHat_nei;
}
// * * * * * * * * * * * * * * * * * * * * * * * * * * * * * * * * * * * * * //

dimensions      [1 0 -1 0 0 0 0];

oriented        oriented;

internalField   nonuniform List<scalar> 
799
(
-1.01588e-32
-0
-3.05007e-17
-3.05007e-17
-0
-0
3.05007e-17
3.05007e-17
8.12701e-32
-0
-3.05007e-17
-0
-0
-3.05007e-17
3.05007e-17
-3.05007e-17
3.05007e-17
-3.05007e-17
-0
-0
-0
-0
-6.10014e-17
-6.10014e-17
3.05007e-17
3.05007e-17
-3.05007e-17
-0
-0
-0
-0
-3.05007e-17
3.05007e-17
-3.05007e-17
-3.38626e-33
-0
-0
3.05007e-17
1.52503e-17
-3.05007e-17
3.05007e-17
-0
3.05007e-17
-0
3.05007e-17
-3.05007e-17
3.05007e-17
3.05007e-17
-3.05007e-17
-0
-3.05007e-17
-0
-3.05007e-17
-2.87832e-31
-0
-3.05007e-17
-5.75664e-32
-0
3.05007e-17
3.05007e-17
6.09526e-32
-0
-3.05007e-17
-3.05007e-17
-3.05007e-17
-3.05007e-17
-3.05007e-17
-3.05007e-17
-6.10014e-17
-4.5751e-17
-0
-0
-3.05007e-17
3.05007e-17
1.52503e-17
-3.05007e-17
-3.05007e-17
-0
-0
-3.05007e-17
-0
-3.05007e-17
-0
-0
-0
-3.05007e-17
-3.05007e-17
-1.52503e-17
3.05007e-17
-0
-0
-0
-3.05007e-17
-3.05007e-17
3.05007e-17
1.52503e-17
-3.05007e-17
-3.38626e-33
-0
3.05007e-17
1.52503e-17
-3.05007e-17
-3.05007e-17
3.05007e-17
-3.05007e-17
-4.53758e-31
-0
-3.05007e-17
-3.42012e-31
-0
3.05007e-17
1.52503e-17
-3.05007e-17
-3.05007e-17
-3.05007e-17
-2.26879e-31
-0
-3.05007e-17
-3.05007e-17
-1.52503e-17
3.05007e-17
1.52503e-17
-3.05007e-17
3.05007e-17
-3.05007e-17
-3.05007e-17
-4.53758e-31
-0
3.05007e-17
-3.05007e-17
3.05007e-17
-0
3.05007e-17
3.05007e-17
3.05007e-17
3.05007e-17
-3.05007e-17
-3.05007e-17
-0
-3.05007e-17
-0
-3.05007e-17
3.05007e-17
-3.05007e-17
-3.42012e-31
-0
-0
-3.05007e-17
-1.578e-30
-0
3.05007e-17
3.05007e-17
9.0413e-31
-0
-0
-3.05007e-17
-1.52503e-17
3.05007e-17
9.07517e-31
-0
-0
-0
-0
-0
-3.05007e-17
3.05007e-17
4.53758e-31
-0
-3.05007e-17
-3.05007e-17
-6.10014e-17
-0
-3.05007e-17
3.05007e-17
-3.05007e-17
-9.10903e-31
-0
3.05007e-17
-0
3.05007e-17
9.07517e-31
-0
-0
-3.05007e-17
-1.52503e-17
3.05007e-17
3.05007e-17
3.05007e-17
-3.05007e-17
-2.37377e-30
-0
-0
-0
-0
-3.05007e-17
-3.05007e-17
3.05007e-17
-0
3.05007e-17
1.52503e-17
-3.05007e-17
-3.38626e-33
-0
-0
-0
-3.05007e-17
-3.05007e-17
-3.38626e-33
-0
-3.05007e-17
-6.84024e-31
-0
-0
-0
-3.05007e-17
-3.05007e-17
-0
-3.05007e-17
-2.03853e-30
-0
-0
-3.05007e-17
-2.03853e-30
-0
3.05007e-17
-0
-0
3.05007e-17
-3.05007e-17
-6.84024e-31
-0
-3.05007e-17
-3.05007e-17
-0
-0
3.05007e-17
-3.05007e-17
-3.05007e-17
-0
-3.05007e-17
-0
-0
-6.10014e-17
3.05007e-17
-3.05007e-17
3.05007e-17
-3.05007e-17
-0
-3.05007e-17
3.05007e-17
-3.05007e-17
-0
-3.05007e-17
-1.58138e-30
-0
-3.05007e-17
-0
-3.05007e-17
-0
-0
3.05007e-17
-3.05007e-17
-0
-0
-0
-3.05007e-17
-0
-3.05007e-17
-0
-0
-0
3.05007e-17
-3.05007e-17
-0
-3.05007e-17
-3.05007e-17
-0
-3.05007e-17
-0
-3.05007e-17
-0
-0
-0
-0
-3.05007e-17
3.05007e-17
1.52503e-17
-3.05007e-17
-3.05007e-17
-0
-3.05007e-17
-0
-3.05007e-17
-3.05007e-17
-0
-3.05007e-17
-3.05007e-17
-0
-3.05007e-17
-0
-3.05007e-17
-3.38626e-33
-0
-0
-0
-3.05007e-17
-0
-3.05007e-17
-0
-3.05007e-17
-6.84024e-31
-0
-0
-3.05007e-17
-3.05007e-17
-3.05007e-17
-0
-3.05007e-17
-3.05007e-17
-0
-0
-0
-3.05007e-17
-2.26879e-31
-0
-0
-0
-3.05007e-17
-1.58138e-30
-0
-3.05007e-17
-3.05007e-17
-3.05007e-17
-0
-3.05007e-17
-3.05007e-17
-0
-3.05007e-17
-3.05007e-17
-9.10903e-31
-0
3.05007e-17
3.05007e-17
-0
3.05007e-17
-1.52503e-17
-6.10014e-17
-0
-0
-0
-0
-3.05007e-17
6.10013e-17
3.05006e-17
-6.10007e-17
6.09983e-17
1.52473e-17
-3.04833e-17
-4.56568e-31
-0
-0
-0
-0
-5.9075e-17
-3.86922e-30
-0
-0
2.57449e-17
7.20203e-31
-0
-0
-0
1.68856e-17
3.73034e-18
-6.46082e-18
5.45117e-18
3.30215e-32
-0
-0
-0
-0
-0
7.69823e-19
7.79091e-19
3.60968e-32
-0
7.5441e-19
8.08891e-32
-0
-5.87513e-19
-9.16467e-19
-0
-0
-2.01334e-18
-0
-5.31157e-08
-4.58386e-07
-2.09966e-06
-5.84998e-06
-2.68733e-05
-3.51409e-05
-5.57928e-05
-7.53614e-05
-0.000147269
-0.000453765
-70.9949
-73.2699
-73.27
-73.27
-73.2702
-73.2702
-73.2702
-73.2702
-73.2702
-73.2702
-73.2702
-73.2702
-73.2702
-73.2702
-73.2701
-73.27
-73.2702
-73.2702
-73.27
-73.27
-73.27
-73.2702
-73.2702
-73.2702
-73.2702
-73.2702
-73.2702
-73.2701
-73.27
-73.2702
-73.2702
-73.27
-73.2702
-73.2702
-73.2702
-73.27
-73.2702
-73.2702
-73.2702
-73.2701
-73.27
-73.2702
-73.2702
-73.27
-73.27
-73.27
-73.2702
-73.2702
-73.2702
-73.2702
-73.2702
-73.2702
-73.2702
-73.2701
-73.2702
-73.2702
-73.27
-73.2702
-73.2702
-73.2702
-73.27
-73.27
-73.2702
-73.2702
-73.2702
-73.2702
-73.2702
-73.2702
-73.2701
-73.27
-73.27
-73.2702
-73.2702
-73.2702
-73.2702
-73.2702
-73.2702
-73.2702
-73.2701
-73.2702
-73.2702
-73.2702
-73.27
-73.2702
-73.2702
-73.2702
-73.2702
-73.2702
-73.2702
-73.2702
-73.2702
-73.2702
-73.2701
-73.2701
-73.2702
-73.2702
-73.2702
-73.2702
-73.2702
-73.2702
-73.2702
-73.2702
-73.2702
-73.2702
-73.2702
-73.2702
-73.2702
-73.2702
-73.2702
-73.2702
-73.2702
-73.2701
-73.2701
-73.2702
-73.2702
-73.27
-73.2702
-73.2702
-73.2702
-73.2701
-73.2702
-73.2702
-73.2702
-73.2702
-73.2702
-73.2702
-73.2702
-73.27
-73.2702
-73.2702
-73.2702
-73.2702
-73.2702
-73.2702
-73.2702
-73.2702
-73.2702
-73.2702
-73.2702
-73.2702
-73.2702
-73.2702
-73.2702
-73.2702
-73.2702
-73.2702
-73.2702
-73.2702
-73.2702
-73.2702
-73.2702
-73.2702
-73.2702
-73.2702
-73.2702
-73.2702
-73.27
-73.2702
-73.2702
-73.2702
-73.2702
-73.27
-73.2702
-73.2702
-73.2702
-73.2701
-73.2702
-73.2702
-73.2702
-73.2701
-73.2702
-73.2702
-73.2702
-73.2702
-73.2702
-73.2702
-73.2702
-73.27
-73.2702
-73.2702
-73.2702
-73.2702
-73.2702
-73.2702
-73.2702
-73.2702
-73.2702
-73.2702
-73.2702
-73.2702
-73.2702
-73.2702
-73.2702
-73.2701
-73.2701
-73.2702
-73.2702
-73.2702
-73.2702
-73.2702
-73.2702
-73.2702
-73.2702
-73.2702
-73.2702
-73.2702
-73.2701
-73.2701
-73.2702
-73.2702
-73.2702
-73.2702
-73.2702
-73.2702
-73.2702
-73.2702
-73.2702
-73.2702
-73.2702
-73.2701
-73.27
-73.2702
-73.2702
-73.2702
-73.2702
-73.2702
-73.2702
-73.2702
-73.2702
-73.2702
-73.2702
-73.2702
-73.2702
-73.2702
-73.2702
-73.2702
-73.2702
-73.2702
-73.2702
-73.2702
-73.2702
-73.2702
-73.2702
-73.2702
-73.2702
-73.2702
-73.2702
-73.2702
-73.27
-73.27
-73.2702
-73.2702
-73.2702
-73.2702
-73.2702
-73.2702
-73.2702
-73.2702
-73.2702
-73.2702
-73.2702
-73.2702
-73.2702
-73.2702
-73.2702
-73.2702
-73.2702
-73.2702
-73.2702
-73.2702
-73.2702
-73.2702
-73.2702
-73.2701
-73.27
-73.2702
-73.2702
-73.2702
-73.2702
-73.2702
-73.2702
-73.2702
-73.2702
-73.2702
-73.2702
-73.2702
-73.2701
-73.2702
-73.2702
-73.2702
-73.2702
-73.2702
-73.2702
-73.2702
-73.2702
-73.2702
-73.2702
-73.2702
-73.2702
-73.2701
-73.2702
-73.2702
-73.2701
-73.2702
-73.2702
-73.2702
-73.2702
-73.2702
-73.2702
-73.2702
-73.2702
-73.2702
-73.2702
-73.2702
-73.2702
-73.2702
-73.2702
-73.2702
-73.2702
-73.2702
-73.2702
-73.2702
-73.2702
-73.2702
-73.2702
-73.2702
-73.2702
-73.2702
-73.2702
-73.2702
-73.2702
-73.2702
-73.2702
-73.2702
-73.2702
-73.2701
-73.2702
-73.2702
-73.2702
-73.2702
-73.2702
-73.2702
-73.2702
-73.2702
-73.2702
-73.2701
-73.2701
-73.2701
-73.2701
-73.2702
-73.2702
-73.2702
-73.2702
-73.2702
-73.2702
-73.2702
-73.2702
-73.2702
-73.2702
-73.2702
-73.2702
-73.2702
-73.2701
-73.2702
-73.2702
-73.2702
-73.2702
-73.2702
-73.2701
-73.2701
-73.27
-73.2702
-73.2702
-73.2702
-73.2701
-73.2701
-73.2702
-73.2702
-73.2702
-73.2702
-73.2702
-73.2702
-73.2702
-73.2702
-73.2702
-73.2702
-73.2702
-73.2702
-73.2702
-73.2702
-73.2702
-73.2702
-73.2702
-73.2702
)
;

boundaryField
{
    sides
    {
        type            calculated;
        value           nonuniform List<scalar> 2(-73.2702 -3.05007e-17);
    }
    empty1
    {
        type            empty;
        value           nonuniform List<scalar> 0();
    }
    empty2
    {
        type            empty;
        value           nonuniform List<scalar> 0();
    }
}


// ************************************************************************* //
