/*--------------------------------*- C++ -*----------------------------------*\
| =========                 |                                                 |
| \\      /  F ield         | OpenFOAM: The Open Source CFD Toolbox           |
|  \\    /   O peration     | Version:  2312                                  |
|   \\  /    A nd           | Website:  www.openfoam.com                      |
|    \\/     M anipulation  |                                                 |
\*---------------------------------------------------------------------------*/
FoamFile
{
    version     2.0;
    format      ascii;
    arch        "LSB;label=32;scalar=64";
    class       surfaceScalarField;
    location    "5e-05";
    object      phiRhoHat_own;
}
// * * * * * * * * * * * * * * * * * * * * * * * * * * * * * * * * * * * * * //

dimensions      [1 0 -1 0 0 0 0];

oriented        oriented;

internalField   nonuniform List<scalar> 
799
(
3.05007e-17
0
0
3.05007e-17
3.05007e-17
0
-3.38626e-33
-3.05007e-17
-3.05007e-17
0
0
3.05007e-17
0
8.46564e-32
3.05007e-17
-3.05007e-17
3.05007e-17
-3.05007e-17
3.05007e-17
0
0
0
0
6.10014e-17
6.10014e-17
-3.05007e-17
-3.05007e-17
3.05007e-17
0
0
0
3.38626e-33
3.05007e-17
-3.05007e-17
3.05007e-17
0
0
0
-3.05007e-17
1.52503e-17
3.05007e-17
-3.05007e-17
0
-3.05007e-17
0
-3.05007e-17
3.05007e-17
-3.05007e-17
-3.05007e-17
3.05007e-17
0
3.05007e-17
0
3.05007e-17
0
3.38626e-33
3.05007e-17
0
0
-3.05007e-17
-3.05007e-17
0
2.87832e-31
3.05007e-17
3.05007e-17
3.05007e-17
3.05007e-17
3.05007e-17
3.05007e-17
6.10014e-17
1.52503e-17
0
3.38626e-33
3.05007e-17
-3.05007e-17
1.52503e-17
3.05007e-17
3.05007e-17
0
5.62119e-31
3.05007e-17
0
3.05007e-17
0
0
0
3.05007e-17
3.05007e-17
-1.52503e-17
-3.05007e-17
0
0
0
3.05007e-17
3.05007e-17
-3.05007e-17
1.52503e-17
3.05007e-17
0
-2.87832e-31
-3.05007e-17
1.52503e-17
3.05007e-17
3.05007e-17
-3.05007e-17
3.05007e-17
0
0
3.05007e-17
0
0
-3.05007e-17
1.52503e-17
3.05007e-17
3.05007e-17
3.05007e-17
0
0
3.05007e-17
3.05007e-17
-1.52503e-17
-3.05007e-17
1.52503e-17
3.05007e-17
-3.05007e-17
3.05007e-17
3.05007e-17
0
0
-3.05007e-17
3.05007e-17
-3.05007e-17
0
-3.05007e-17
-3.05007e-17
-3.05007e-17
-3.05007e-17
3.05007e-17
3.05007e-17
0
3.05007e-17
0
3.05007e-17
-3.05007e-17
3.05007e-17
0
0
0
3.05007e-17
0
0
-3.05007e-17
-3.05007e-17
0
0
0
3.05007e-17
-1.52503e-17
-3.05007e-17
0
0
0
0
0
0
3.05007e-17
-3.05007e-17
0
1.18519e-31
3.05007e-17
3.05007e-17
6.10014e-17
0
3.05007e-17
-3.05007e-17
3.05007e-17
0
0
-3.05007e-17
0
-3.05007e-17
0
0
0
3.05007e-17
-1.52503e-17
-3.05007e-17
-3.05007e-17
-3.05007e-17
3.05007e-17
0
0
0
0
0
3.05007e-17
3.05007e-17
-3.05007e-17
0
-3.05007e-17
1.52503e-17
3.05007e-17
0
0
0
0
3.05007e-17
3.05007e-17
0
0
3.05007e-17
0
0
0
0
3.05007e-17
3.05007e-17
0
3.05007e-17
0
0
0
3.05007e-17
0
0
-3.05007e-17
0
0
-3.05007e-17
3.05007e-17
0
2.30265e-31
3.05007e-17
3.05007e-17
0
0
-3.05007e-17
3.05007e-17
3.05007e-17
0
3.05007e-17
0
4.60531e-31
6.10014e-17
-3.05007e-17
3.05007e-17
-3.05007e-17
3.05007e-17
0
3.05007e-17
-3.05007e-17
3.05007e-17
0
3.05007e-17
0
0
3.05007e-17
0
3.05007e-17
0
0
-3.05007e-17
3.05007e-17
0
0
0
3.05007e-17
0
3.05007e-17
0
0
0
-3.05007e-17
3.05007e-17
0
3.05007e-17
3.05007e-17
0
3.05007e-17
0
3.05007e-17
0
0
0
0
3.05007e-17
-3.05007e-17
1.52503e-17
3.05007e-17
3.05007e-17
0
3.05007e-17
0
3.05007e-17
3.05007e-17
0
3.05007e-17
3.05007e-17
0
3.05007e-17
0
3.05007e-17
0
0
0
0
3.05007e-17
0
3.05007e-17
0
3.05007e-17
0
0
0
3.05007e-17
3.05007e-17
3.05007e-17
0
3.05007e-17
3.05007e-17
0
0
0
3.05007e-17
0
0
0
0
3.05007e-17
0
0
3.05007e-17
3.05007e-17
3.05007e-17
0
3.05007e-17
3.05007e-17
0
3.05007e-17
3.05007e-17
0
0
-3.05007e-17
-3.05007e-17
0
-3.05007e-17
4.5751e-17
6.10014e-17
0
0
0
0
3.05007e-17
-6.10014e-17
3.05009e-17
6.1003e-17
-6.10073e-17
1.52545e-17
3.052e-17
0
0
0
0
1.84764e-30
6.2813e-17
0
0
-4.97408e-31
-3.44421e-17
0
0
0
0
-4.0623e-17
1.0494e-17
2.16696e-17
-2.23585e-17
0
0
0
0
0
0
-2.5277e-17
-2.58016e-17
0
0
-2.62929e-17
0
1.53458e-33
1.39764e-17
1.3953e-17
0
1.75477e-30
1.51235e-17
0
1.0357e-06
7.26884e-06
2.9493e-05
8.61086e-05
0.000138618
7.21532e-05
5.66882e-05
0.000103482
0.000217388
0.0122798
73.2698
73.27
73.27
73.2702
73.2702
73.2702
73.2702
73.2702
73.2702
73.2702
73.2702
73.2702
73.2702
73.2701
73.27
73.2702
73.2702
73.27
73.27
73.27
73.2702
73.2702
73.2702
73.2702
73.2702
73.2702
73.2701
73.27
73.2702
73.2702
73.27
73.2702
73.2702
73.2702
73.27
73.2702
73.2702
73.2702
73.2701
73.27
73.2702
73.2702
73.27
73.27
73.27
73.2702
73.2702
73.2702
73.2702
73.2702
73.2702
73.2702
73.2701
73.2702
73.2702
73.27
73.2702
73.2702
73.2702
73.27
73.27
73.2702
73.2702
73.2702
73.2702
73.2702
73.2702
73.2701
73.27
73.27
73.2702
73.2702
73.2702
73.2702
73.2702
73.2702
73.2702
73.2701
73.2702
73.2702
73.2702
73.27
73.2702
73.2702
73.2702
73.2702
73.2702
73.2702
73.2702
73.2702
73.2702
73.2701
73.2701
73.2702
73.2702
73.2702
73.2702
73.2702
73.2702
73.2702
73.2702
73.2702
73.2702
73.2702
73.2702
73.2702
73.2702
73.2702
73.2702
73.2702
73.2701
73.2701
73.2702
73.2702
73.27
73.2702
73.2702
73.2702
73.2701
73.2702
73.2702
73.2702
73.2702
73.2702
73.2702
73.2702
73.27
73.2702
73.2702
73.2702
73.2702
73.2702
73.2702
73.2702
73.2702
73.2702
73.2702
73.2702
73.2702
73.2702
73.2702
73.2702
73.2702
73.2702
73.2702
73.2702
73.2702
73.2702
73.2702
73.2702
73.2702
73.2702
73.2702
73.2702
73.2702
73.27
73.2702
73.2702
73.2702
73.2702
73.27
73.2702
73.2702
73.2702
73.2701
73.2702
73.2702
73.2702
73.2701
73.2702
73.2702
73.2702
73.2702
73.2702
73.2702
73.2702
73.27
73.2702
73.2702
73.2702
73.2702
73.2702
73.2702
73.2702
73.2702
73.2702
73.2702
73.2702
73.2702
73.2702
73.2702
73.2702
73.2701
73.2701
73.2702
73.2702
73.2702
73.2702
73.2702
73.2702
73.2702
73.2702
73.2702
73.2702
73.2702
73.2701
73.2701
73.2702
73.2702
73.2702
73.2702
73.2702
73.2702
73.2702
73.2702
73.2702
73.2702
73.2702
73.2701
73.27
73.2702
73.2702
73.2702
73.2702
73.2702
73.2702
73.2702
73.2702
73.2702
73.2702
73.2702
73.2702
73.2702
73.2702
73.2702
73.2702
73.2702
73.2702
73.2702
73.2702
73.2702
73.2702
73.2702
73.2702
73.2702
73.2702
73.2702
73.27
73.27
73.2702
73.2702
73.2702
73.2702
73.2702
73.2702
73.2702
73.2702
73.2702
73.2702
73.2702
73.2702
73.2702
73.2702
73.2702
73.2702
73.2702
73.2702
73.2702
73.2702
73.2702
73.2702
73.2702
73.2701
73.27
73.2702
73.2702
73.2702
73.2702
73.2702
73.2702
73.2702
73.2702
73.2702
73.2702
73.2702
73.2701
73.2702
73.2702
73.2702
73.2702
73.2702
73.2702
73.2702
73.2702
73.2702
73.2702
73.2702
73.2702
73.2701
73.2702
73.2702
73.2701
73.2702
73.2702
73.2702
73.2702
73.2702
73.2702
73.2702
73.2702
73.2702
73.2702
73.2702
73.2702
73.2702
73.2702
73.2702
73.2702
73.2702
73.2702
73.2702
73.2702
73.2702
73.2702
73.2702
73.2702
73.2702
73.2702
73.2702
73.2702
73.2702
73.2702
73.2702
73.2702
73.2701
73.2702
73.2702
73.2702
73.2702
73.2702
73.2702
73.2702
73.2702
73.2702
73.2701
73.2701
73.2701
73.2701
73.2702
73.2702
73.2702
73.2702
73.2702
73.2702
73.2702
73.2702
73.2702
73.2702
73.2702
73.2702
73.2702
73.2701
73.2702
73.2702
73.2702
73.2702
73.2702
73.2701
73.2701
73.27
73.2702
73.2702
73.2702
73.2701
73.2701
73.2702
73.2702
73.2702
73.2702
73.2702
73.2702
73.2702
73.2702
73.2702
73.2702
73.2702
73.2702
73.2702
73.2702
73.2702
73.2702
73.2702
73.2702
)
;

boundaryField
{
    sides
    {
        type            calculated;
        value           nonuniform List<scalar> 2(73.2702 3.05007e-17);
    }
    empty1
    {
        type            empty;
        value           nonuniform List<scalar> 0();
    }
    empty2
    {
        type            empty;
        value           nonuniform List<scalar> 0();
    }
}


// ************************************************************************* //
