/*--------------------------------*- C++ -*----------------------------------*\
| =========                 |                                                 |
| \\      /  F ield         | OpenFOAM: The Open Source CFD Toolbox           |
|  \\    /   O peration     | Version:  2312                                  |
|   \\  /    A nd           | Website:  www.openfoam.com                      |
|    \\/     M anipulation  |                                                 |
\*---------------------------------------------------------------------------*/
FoamFile
{
    version     2.0;
    format      ascii;
    arch        "LSB;label=32;scalar=64";
    class       volScalarField;
    location    "5e-05";
    object      thermo:psiLiqEff;
}
// * * * * * * * * * * * * * * * * * * * * * * * * * * * * * * * * * * * * * //

dimensions      [-2 4 2 0 0 0 0];

internalField   nonuniform List<scalar> 
800
(
4.87377e-13
4.87377e-13
4.87377e-13
4.87377e-13
4.87377e-13
4.87377e-13
4.87377e-13
4.87377e-13
4.87377e-13
4.87377e-13
4.87377e-13
4.87377e-13
4.87377e-13
4.87377e-13
4.87377e-13
4.87377e-13
4.87377e-13
4.87377e-13
4.87377e-13
4.87377e-13
4.87377e-13
4.87377e-13
4.87377e-13
4.87377e-13
4.87377e-13
4.87377e-13
4.87377e-13
4.87377e-13
4.87377e-13
4.87377e-13
4.87377e-13
4.87377e-13
4.87377e-13
4.87377e-13
4.87377e-13
4.87377e-13
4.87377e-13
4.87377e-13
4.87377e-13
4.87377e-13
4.87377e-13
4.87377e-13
4.87377e-13
4.87377e-13
4.87377e-13
4.87377e-13
4.87377e-13
4.87377e-13
4.87377e-13
4.87377e-13
4.87377e-13
4.87377e-13
4.87377e-13
4.87377e-13
4.87377e-13
4.87377e-13
4.87377e-13
4.87377e-13
4.87377e-13
4.87377e-13
4.87377e-13
4.87377e-13
4.87377e-13
4.87377e-13
4.87377e-13
4.87377e-13
4.87377e-13
4.87377e-13
4.87377e-13
4.87377e-13
4.87377e-13
4.87377e-13
4.87377e-13
4.87377e-13
4.87377e-13
4.87377e-13
4.87377e-13
4.87377e-13
4.87377e-13
4.87377e-13
4.87377e-13
4.87377e-13
4.87377e-13
4.87377e-13
4.87377e-13
4.87377e-13
4.87377e-13
4.87377e-13
4.87377e-13
4.87377e-13
4.87377e-13
4.87377e-13
4.87377e-13
4.87377e-13
4.87377e-13
4.87377e-13
4.87377e-13
4.87377e-13
4.87377e-13
4.87377e-13
4.87377e-13
4.87377e-13
4.87377e-13
4.87377e-13
4.87377e-13
4.87377e-13
4.87377e-13
4.87377e-13
4.87377e-13
4.87377e-13
4.87377e-13
4.87377e-13
4.87377e-13
4.87377e-13
4.87377e-13
4.87377e-13
4.87377e-13
4.87377e-13
4.87377e-13
4.87377e-13
4.87377e-13
4.87377e-13
4.87377e-13
4.87377e-13
4.87377e-13
4.87377e-13
4.87377e-13
4.87377e-13
4.87377e-13
4.87377e-13
4.87377e-13
4.87377e-13
4.87377e-13
4.87377e-13
4.87377e-13
4.87377e-13
4.87377e-13
4.87377e-13
4.87377e-13
4.87377e-13
4.87377e-13
4.87377e-13
4.87377e-13
4.87377e-13
4.87377e-13
4.87377e-13
4.87377e-13
4.87377e-13
4.87377e-13
4.87377e-13
4.87377e-13
4.87377e-13
4.87377e-13
4.87377e-13
4.87377e-13
4.87377e-13
4.87377e-13
4.87377e-13
4.87377e-13
4.87377e-13
4.87377e-13
4.87377e-13
4.87377e-13
4.87377e-13
4.87377e-13
4.87377e-13
4.87377e-13
4.87377e-13
4.87377e-13
4.87377e-13
4.87377e-13
4.87377e-13
4.87377e-13
4.87377e-13
4.87377e-13
4.87377e-13
4.87377e-13
4.87377e-13
4.87377e-13
4.87377e-13
4.87377e-13
4.87377e-13
4.87377e-13
4.87377e-13
4.87377e-13
4.87377e-13
4.87377e-13
4.87377e-13
4.87377e-13
4.87377e-13
4.87377e-13
4.87377e-13
4.87377e-13
4.87377e-13
4.87377e-13
4.87377e-13
4.87377e-13
4.87377e-13
4.87377e-13
4.87377e-13
4.87377e-13
4.87377e-13
4.87377e-13
4.87377e-13
4.87377e-13
4.87377e-13
4.87377e-13
4.87377e-13
4.87377e-13
4.87377e-13
4.87377e-13
4.87377e-13
4.87377e-13
4.87377e-13
4.87377e-13
4.87377e-13
4.87377e-13
4.87377e-13
4.87377e-13
4.87377e-13
4.87377e-13
4.87377e-13
4.87377e-13
4.87377e-13
4.87377e-13
4.87377e-13
4.87377e-13
4.87377e-13
4.87377e-13
4.87377e-13
4.87377e-13
4.87377e-13
4.87377e-13
4.87377e-13
4.87377e-13
4.87377e-13
4.87377e-13
4.87377e-13
4.87377e-13
4.87377e-13
4.87377e-13
4.87377e-13
4.87377e-13
4.87377e-13
4.87377e-13
4.87377e-13
4.87377e-13
4.87377e-13
4.87377e-13
4.87377e-13
4.87377e-13
4.87377e-13
4.87377e-13
4.87377e-13
4.87377e-13
4.87377e-13
4.87377e-13
4.87377e-13
4.87377e-13
4.87377e-13
4.87377e-13
4.87377e-13
4.87377e-13
4.87377e-13
4.87377e-13
4.87377e-13
4.87377e-13
4.87377e-13
4.87377e-13
4.87377e-13
4.87377e-13
4.87377e-13
4.87377e-13
4.87377e-13
4.87377e-13
4.87377e-13
4.87377e-13
4.87377e-13
4.87377e-13
4.87377e-13
4.87377e-13
4.87377e-13
4.87377e-13
4.87377e-13
4.87377e-13
4.87377e-13
4.87377e-13
4.87377e-13
4.87377e-13
4.87377e-13
4.87377e-13
4.87377e-13
4.87377e-13
4.87377e-13
4.87377e-13
4.87377e-13
4.87377e-13
4.87377e-13
4.87377e-13
4.87377e-13
4.87377e-13
4.87377e-13
4.87377e-13
4.87377e-13
4.87377e-13
4.87377e-13
4.87377e-13
4.87377e-13
4.87377e-13
4.87377e-13
4.87377e-13
4.87377e-13
4.87377e-13
4.87377e-13
4.87377e-13
4.87377e-13
4.87377e-13
4.87377e-13
4.87377e-13
4.87377e-13
4.87377e-13
4.87377e-13
4.87377e-13
4.87377e-13
4.87377e-13
4.87377e-13
4.87377e-13
4.87377e-13
4.87377e-13
4.87377e-13
4.87377e-13
4.87377e-13
4.87377e-13
4.87377e-13
4.87377e-13
4.87377e-13
4.87377e-13
4.87377e-13
4.87377e-13
4.87377e-13
4.87377e-13
4.87377e-13
4.87377e-13
4.87377e-13
4.87377e-13
4.87377e-13
4.87377e-13
4.87377e-13
4.87377e-13
4.87377e-13
4.87377e-13
4.87377e-13
4.87377e-13
4.87378e-13
4.87378e-13
4.87382e-13
4.87404e-13
4.87475e-13
4.87595e-13
4.87836e-13
4.88296e-13
4.89125e-13
4.90523e-13
4.9273e-13
4.95995e-13
5.00531e-13
5.06476e-13
5.13877e-13
5.22681e-13
5.32687e-13
5.43666e-13
5.55494e-13
5.6799e-13
5.8129e-13
5.94919e-13
6.09418e-13
6.2405e-13
6.39112e-13
6.52923e-13
6.64294e-13
6.71782e-13
6.76013e-13
6.75044e-13
6.69494e-13
6.67007e-13
6.49265e-13
6.40023e-13
6.10057e-13
5.90019e-13
5.57922e-13
5.34996e-13
4.97607e-13
4.61779e-13
4.24347e-13
3.91297e-13
3.70722e-13
3.61343e-13
3.6297e-13
3.75713e-13
4.05622e-13
4.44383e-13
4.73709e-13
4.85456e-13
4.87313e-13
4.87756e-13
4.87815e-13
4.87805e-13
4.87805e-13
4.87805e-13
4.87805e-13
4.87805e-13
4.87805e-13
4.87805e-13
4.87805e-13
4.87805e-13
4.87805e-13
4.87805e-13
4.87805e-13
4.87805e-13
4.87805e-13
4.87805e-13
4.87805e-13
4.87805e-13
4.87805e-13
4.87805e-13
4.87805e-13
4.87805e-13
4.87805e-13
4.87805e-13
4.87805e-13
4.87805e-13
4.87805e-13
4.87805e-13
4.87805e-13
4.87805e-13
4.87805e-13
4.87805e-13
4.87805e-13
4.87805e-13
4.87805e-13
4.87805e-13
4.87805e-13
4.87805e-13
4.87805e-13
4.87805e-13
4.87805e-13
4.87805e-13
4.87805e-13
4.87805e-13
4.87805e-13
4.87805e-13
4.87805e-13
4.87805e-13
4.87805e-13
4.87805e-13
4.87805e-13
4.87805e-13
4.87805e-13
4.87805e-13
4.87805e-13
4.87805e-13
4.87805e-13
4.87805e-13
4.87805e-13
4.87805e-13
4.87805e-13
4.87805e-13
4.87805e-13
4.87805e-13
4.87805e-13
4.87805e-13
4.87805e-13
4.87805e-13
4.87805e-13
4.87805e-13
4.87805e-13
4.87805e-13
4.87805e-13
4.87805e-13
4.87805e-13
4.87805e-13
4.87805e-13
4.87805e-13
4.87805e-13
4.87805e-13
4.87805e-13
4.87805e-13
4.87805e-13
4.87805e-13
4.87805e-13
4.87805e-13
4.87805e-13
4.87805e-13
4.87805e-13
4.87805e-13
4.87805e-13
4.87805e-13
4.87805e-13
4.87805e-13
4.87805e-13
4.87805e-13
4.87805e-13
4.87805e-13
4.87805e-13
4.87805e-13
4.87805e-13
4.87805e-13
4.87805e-13
4.87805e-13
4.87805e-13
4.87805e-13
4.87805e-13
4.87805e-13
4.87805e-13
4.87805e-13
4.87805e-13
4.87805e-13
4.87805e-13
4.87805e-13
4.87805e-13
4.87805e-13
4.87805e-13
4.87805e-13
4.87805e-13
4.87805e-13
4.87805e-13
4.87805e-13
4.87805e-13
4.87805e-13
4.87805e-13
4.87805e-13
4.87805e-13
4.87805e-13
4.87805e-13
4.87805e-13
4.87805e-13
4.87805e-13
4.87805e-13
4.87805e-13
4.87805e-13
4.87805e-13
4.87805e-13
4.87805e-13
4.87805e-13
4.87805e-13
4.87805e-13
4.87805e-13
4.87805e-13
4.87805e-13
4.87805e-13
4.87805e-13
4.87805e-13
4.87805e-13
4.87805e-13
4.87805e-13
4.87805e-13
4.87805e-13
4.87805e-13
4.87805e-13
4.87805e-13
4.87805e-13
4.87805e-13
4.87805e-13
4.87805e-13
4.87805e-13
4.87805e-13
4.87805e-13
4.87805e-13
4.87805e-13
4.87805e-13
4.87805e-13
4.87805e-13
4.87805e-13
4.87805e-13
4.87805e-13
4.87805e-13
4.87805e-13
4.87805e-13
4.87805e-13
4.87805e-13
4.87805e-13
4.87805e-13
4.87805e-13
4.87805e-13
4.87805e-13
4.87805e-13
4.87805e-13
4.87805e-13
4.87805e-13
4.87805e-13
4.87805e-13
4.87805e-13
4.87805e-13
4.87805e-13
4.87805e-13
4.87805e-13
4.87805e-13
4.87805e-13
4.87805e-13
4.87805e-13
4.87805e-13
4.87805e-13
4.87805e-13
4.87805e-13
4.87805e-13
4.87805e-13
4.87805e-13
4.87805e-13
4.87805e-13
4.87805e-13
4.87805e-13
4.87805e-13
4.87805e-13
4.87805e-13
4.87805e-13
4.87805e-13
4.87805e-13
4.87805e-13
4.87805e-13
4.87805e-13
4.87805e-13
4.87805e-13
4.87805e-13
4.87805e-13
4.87805e-13
4.87805e-13
4.87805e-13
4.87805e-13
4.87805e-13
4.87805e-13
4.87805e-13
4.87805e-13
4.87805e-13
4.87805e-13
4.87805e-13
4.87805e-13
4.87805e-13
4.87805e-13
4.87805e-13
4.87805e-13
4.87805e-13
4.87805e-13
4.87805e-13
4.87805e-13
4.87805e-13
4.87805e-13
4.87805e-13
4.87805e-13
4.87805e-13
4.87805e-13
4.87805e-13
4.87805e-13
4.87805e-13
4.87805e-13
4.87805e-13
4.87805e-13
4.87805e-13
4.87805e-13
4.87805e-13
4.87805e-13
4.87805e-13
4.87805e-13
4.87805e-13
4.87805e-13
4.87805e-13
4.87805e-13
4.87805e-13
4.87805e-13
4.87805e-13
4.87805e-13
4.87805e-13
4.87805e-13
4.87805e-13
4.87805e-13
4.87805e-13
4.87805e-13
4.87805e-13
4.87805e-13
4.87805e-13
4.87805e-13
4.87805e-13
4.87805e-13
4.87805e-13
4.87805e-13
4.87805e-13
4.87805e-13
4.87805e-13
4.87805e-13
4.87805e-13
4.87805e-13
4.87805e-13
4.87805e-13
4.87805e-13
4.87805e-13
4.87805e-13
4.87805e-13
4.87805e-13
4.87805e-13
4.87805e-13
4.87805e-13
4.87805e-13
4.87805e-13
4.87805e-13
4.87805e-13
4.87805e-13
4.87805e-13
4.87805e-13
4.87805e-13
4.87805e-13
4.87805e-13
4.87805e-13
4.87805e-13
4.87805e-13
4.87805e-13
4.87805e-13
4.87805e-13
4.87805e-13
4.87805e-13
4.87805e-13
4.87805e-13
4.87805e-13
4.87805e-13
4.87805e-13
4.87805e-13
4.87805e-13
4.87805e-13
4.87805e-13
4.87805e-13
4.87805e-13
4.87805e-13
4.87805e-13
4.87805e-13
4.87805e-13
4.87805e-13
4.87805e-13
4.87805e-13
4.87805e-13
4.87805e-13
4.87805e-13
4.87805e-13
4.87805e-13
4.87805e-13
4.87805e-13
4.87805e-13
4.87805e-13
4.87805e-13
4.87805e-13
4.87805e-13
4.87805e-13
4.87805e-13
4.87805e-13
4.87805e-13
4.87805e-13
4.87805e-13
4.87805e-13
4.87805e-13
4.87805e-13
4.87805e-13
4.87805e-13
4.87805e-13
4.87805e-13
4.87805e-13
4.87805e-13
4.87805e-13
4.87805e-13
4.87805e-13
4.87805e-13
4.87805e-13
4.87805e-13
4.87805e-13
4.87805e-13
4.87805e-13
4.87805e-13
4.87805e-13
4.87805e-13
4.87805e-13
4.87805e-13
4.87805e-13
4.87805e-13
4.87805e-13
4.87805e-13
4.87805e-13
4.87805e-13
4.87805e-13
4.87805e-13
4.87805e-13
4.87805e-13
4.87805e-13
4.87805e-13
4.87805e-13
4.87805e-13
4.87805e-13
4.87805e-13
4.87805e-13
4.87805e-13
4.87805e-13
4.87805e-13
4.87805e-13
4.87805e-13
4.87805e-13
)
;

boundaryField
{
    sides
    {
        type            calculated;
        value           nonuniform List<scalar> 2(4.87805e-13 4.87377e-13);
    }
    empty1
    {
        type            empty;
    }
    empty2
    {
        type            empty;
    }
}


// ************************************************************************* //
