/*--------------------------------*- C++ -*----------------------------------*\
| =========                 |                                                 |
| \\      /  F ield         | OpenFOAM: The Open Source CFD Toolbox           |
|  \\    /   O peration     | Version:  2312                                  |
|   \\  /    A nd           | Website:  www.openfoam.com                      |
|    \\/     M anipulation  |                                                 |
\*---------------------------------------------------------------------------*/
FoamFile
{
    version     2.0;
    format      ascii;
    arch        "LSB;label=32;scalar=64";
    class       volScalarField;
    location    "5e-05";
    object      thermo:psiGasEff;
}
// * * * * * * * * * * * * * * * * * * * * * * * * * * * * * * * * * * * * * //

dimensions      [-2 4 2 0 0 0 0];

internalField   nonuniform List<scalar> 
800
(
8.4134e-08
8.4134e-08
8.4134e-08
8.4134e-08
8.4134e-08
8.41341e-08
8.41341e-08
8.4134e-08
8.4134e-08
8.4134e-08
8.41341e-08
8.4134e-08
8.41341e-08
8.41341e-08
8.4134e-08
8.4134e-08
8.4134e-08
8.4134e-08
8.4134e-08
8.4134e-08
8.4134e-08
8.4134e-08
8.4134e-08
8.41341e-08
8.41341e-08
8.4134e-08
8.4134e-08
8.4134e-08
8.41341e-08
8.41341e-08
8.4134e-08
8.41341e-08
8.4134e-08
8.4134e-08
8.4134e-08
8.41341e-08
8.4134e-08
8.4134e-08
8.4134e-08
8.4134e-08
8.4134e-08
8.4134e-08
8.4134e-08
8.4134e-08
8.4134e-08
8.4134e-08
8.4134e-08
8.4134e-08
8.4134e-08
8.4134e-08
8.41341e-08
8.4134e-08
8.4134e-08
8.4134e-08
8.4134e-08
8.41341e-08
8.4134e-08
8.4134e-08
8.4134e-08
8.4134e-08
8.4134e-08
8.4134e-08
8.4134e-08
8.4134e-08
8.4134e-08
8.4134e-08
8.41341e-08
8.4134e-08
8.4134e-08
8.41341e-08
8.4134e-08
8.4134e-08
8.4134e-08
8.4134e-08
8.4134e-08
8.41341e-08
8.4134e-08
8.4134e-08
8.41341e-08
8.4134e-08
8.4134e-08
8.4134e-08
8.4134e-08
8.41341e-08
8.4134e-08
8.4134e-08
8.4134e-08
8.4134e-08
8.4134e-08
8.4134e-08
8.4134e-08
8.41341e-08
8.4134e-08
8.4134e-08
8.4134e-08
8.4134e-08
8.41341e-08
8.4134e-08
8.41341e-08
8.4134e-08
8.4134e-08
8.4134e-08
8.4134e-08
8.4134e-08
8.4134e-08
8.4134e-08
8.4134e-08
8.41341e-08
8.4134e-08
8.4134e-08
8.4134e-08
8.4134e-08
8.4134e-08
8.4134e-08
8.4134e-08
8.4134e-08
8.4134e-08
8.4134e-08
8.4134e-08
8.4134e-08
8.4134e-08
8.4134e-08
8.4134e-08
8.4134e-08
8.4134e-08
8.4134e-08
8.4134e-08
8.4134e-08
8.41341e-08
8.4134e-08
8.4134e-08
8.4134e-08
8.41341e-08
8.4134e-08
8.4134e-08
8.4134e-08
8.4134e-08
8.4134e-08
8.4134e-08
8.4134e-08
8.4134e-08
8.41341e-08
8.4134e-08
8.4134e-08
8.4134e-08
8.41341e-08
8.4134e-08
8.4134e-08
8.4134e-08
8.4134e-08
8.4134e-08
8.4134e-08
8.4134e-08
8.4134e-08
8.41341e-08
8.4134e-08
8.4134e-08
8.41341e-08
8.4134e-08
8.41341e-08
8.4134e-08
8.4134e-08
8.4134e-08
8.4134e-08
8.4134e-08
8.4134e-08
8.4134e-08
8.41341e-08
8.4134e-08
8.4134e-08
8.4134e-08
8.41341e-08
8.4134e-08
8.4134e-08
8.4134e-08
8.4134e-08
8.41341e-08
8.4134e-08
8.4134e-08
8.4134e-08
8.4134e-08
8.41341e-08
8.4134e-08
8.41341e-08
8.4134e-08
8.4134e-08
8.4134e-08
8.4134e-08
8.4134e-08
8.4134e-08
8.4134e-08
8.4134e-08
8.4134e-08
8.4134e-08
8.4134e-08
8.4134e-08
8.4134e-08
8.4134e-08
8.4134e-08
8.4134e-08
8.41341e-08
8.4134e-08
8.4134e-08
8.4134e-08
8.4134e-08
8.4134e-08
8.4134e-08
8.4134e-08
8.4134e-08
8.41341e-08
8.4134e-08
8.4134e-08
8.4134e-08
8.4134e-08
8.4134e-08
8.4134e-08
8.4134e-08
8.41341e-08
8.4134e-08
8.4134e-08
8.4134e-08
8.4134e-08
8.4134e-08
8.4134e-08
8.4134e-08
8.4134e-08
8.41341e-08
8.4134e-08
8.4134e-08
8.4134e-08
8.4134e-08
8.41341e-08
8.4134e-08
8.4134e-08
8.41341e-08
8.4134e-08
8.4134e-08
8.4134e-08
8.4134e-08
8.41341e-08
8.4134e-08
8.4134e-08
8.41341e-08
8.41341e-08
8.4134e-08
8.4134e-08
8.4134e-08
8.4134e-08
8.4134e-08
8.4134e-08
8.4134e-08
8.4134e-08
8.41341e-08
8.4134e-08
8.4134e-08
8.4134e-08
8.4134e-08
8.4134e-08
8.4134e-08
8.41341e-08
8.4134e-08
8.4134e-08
8.4134e-08
8.4134e-08
8.4134e-08
8.4134e-08
8.4134e-08
8.4134e-08
8.4134e-08
8.4134e-08
8.4134e-08
8.4134e-08
8.4134e-08
8.4134e-08
8.4134e-08
8.4134e-08
8.4134e-08
8.4134e-08
8.4134e-08
8.4134e-08
8.4134e-08
8.4134e-08
8.4134e-08
8.4134e-08
8.4134e-08
8.4134e-08
8.4134e-08
8.4134e-08
8.4134e-08
8.4134e-08
8.4134e-08
8.4134e-08
8.41341e-08
8.4134e-08
8.4134e-08
8.4134e-08
8.4134e-08
8.4134e-08
8.4134e-08
8.4134e-08
8.4134e-08
8.4134e-08
8.4134e-08
8.4134e-08
8.41341e-08
8.4134e-08
8.4134e-08
8.4134e-08
8.4134e-08
8.4134e-08
8.4134e-08
8.4134e-08
8.4134e-08
8.4134e-08
8.4134e-08
8.4134e-08
8.4134e-08
8.4134e-08
8.4134e-08
8.4134e-08
8.4134e-08
8.4134e-08
8.41341e-08
8.4134e-08
8.41341e-08
8.4134e-08
8.4134e-08
8.4134e-08
8.4134e-08
8.41341e-08
8.4134e-08
8.4134e-08
8.4134e-08
8.4134e-08
8.4134e-08
8.4134e-08
8.4134e-08
8.41341e-08
8.4134e-08
8.4134e-08
8.41341e-08
8.4134e-08
8.4134e-08
8.4134e-08
8.41341e-08
8.41341e-08
8.41341e-08
8.41341e-08
8.41341e-08
8.41341e-08
8.41341e-08
8.41341e-08
8.41341e-08
8.41342e-08
8.4135e-08
8.41384e-08
8.41522e-08
8.4192e-08
8.42706e-08
8.44306e-08
8.47497e-08
8.53515e-08
8.64216e-08
8.82152e-08
9.10531e-08
9.53065e-08
1.01376e-07
1.09672e-07
1.20617e-07
1.34553e-07
1.51741e-07
1.72267e-07
1.97406e-07
2.26646e-07
2.62192e-07
3.03029e-07
3.5322e-07
4.10841e-07
4.7626e-07
5.43689e-07
6.08553e-07
6.55412e-07
6.99285e-07
7.02721e-07
7.55171e-07
7.2918e-07
8.13823e-07
7.91949e-07
9.01617e-07
9.56316e-07
1.01013e-06
9.83272e-07
1.09181e-06
1.18311e-06
1.28466e-06
1.37351e-06
1.4165e-06
1.39197e-06
1.29128e-06
1.25758e-06
1.51996e-06
3.63848e-06
7.40857e-06
8.31083e-06
8.3981e-06
8.40998e-06
8.40638e-06
8.40974e-06
8.40953e-06
8.41075e-06
8.41104e-06
8.41169e-06
8.41201e-06
8.41238e-06
8.41266e-06
8.41288e-06
8.41305e-06
8.41316e-06
8.41325e-06
8.4133e-06
8.41334e-06
8.41336e-06
8.41338e-06
8.41338e-06
8.41338e-06
8.41339e-06
8.41339e-06
8.41339e-06
8.41339e-06
8.41339e-06
8.41339e-06
8.41339e-06
8.41339e-06
8.41339e-06
8.41338e-06
8.41338e-06
8.41338e-06
8.41338e-06
8.41338e-06
8.41338e-06
8.41339e-06
8.41338e-06
8.41338e-06
8.41338e-06
8.41338e-06
8.41338e-06
8.41338e-06
8.41338e-06
8.41338e-06
8.41338e-06
8.41338e-06
8.41338e-06
8.41337e-06
8.41337e-06
8.41337e-06
8.41337e-06
8.41337e-06
8.41337e-06
8.41337e-06
8.41337e-06
8.41337e-06
8.41337e-06
8.41337e-06
8.41337e-06
8.41337e-06
8.41337e-06
8.41337e-06
8.41337e-06
8.41337e-06
8.41337e-06
8.41337e-06
8.41337e-06
8.41337e-06
8.41337e-06
8.41337e-06
8.41337e-06
8.41337e-06
8.41337e-06
8.41337e-06
8.41337e-06
8.41337e-06
8.41337e-06
8.41337e-06
8.41337e-06
8.41337e-06
8.41337e-06
8.41337e-06
8.41337e-06
8.41337e-06
8.41337e-06
8.41337e-06
8.41337e-06
8.41337e-06
8.41337e-06
8.41337e-06
8.41337e-06
8.41337e-06
8.41337e-06
8.41337e-06
8.41337e-06
8.41337e-06
8.41337e-06
8.41337e-06
8.41338e-06
8.41338e-06
8.41337e-06
8.41338e-06
8.41337e-06
8.41338e-06
8.41338e-06
8.41338e-06
8.41338e-06
8.41338e-06
8.41338e-06
8.41338e-06
8.41338e-06
8.41338e-06
8.41338e-06
8.41338e-06
8.41338e-06
8.41338e-06
8.41338e-06
8.41338e-06
8.41338e-06
8.41338e-06
8.41338e-06
8.41338e-06
8.41338e-06
8.41338e-06
8.41338e-06
8.41338e-06
8.41338e-06
8.41338e-06
8.41338e-06
8.41338e-06
8.41338e-06
8.41338e-06
8.41338e-06
8.41338e-06
8.41338e-06
8.41338e-06
8.41338e-06
8.41338e-06
8.41338e-06
8.41338e-06
8.41338e-06
8.41338e-06
8.41338e-06
8.41338e-06
8.41338e-06
8.41338e-06
8.41338e-06
8.41338e-06
8.41338e-06
8.41338e-06
8.41338e-06
8.41338e-06
8.41338e-06
8.41338e-06
8.41338e-06
8.41338e-06
8.41338e-06
8.41338e-06
8.41338e-06
8.41338e-06
8.41338e-06
8.41338e-06
8.41338e-06
8.41338e-06
8.41338e-06
8.41338e-06
8.41338e-06
8.41338e-06
8.41338e-06
8.41338e-06
8.41338e-06
8.41338e-06
8.41338e-06
8.41338e-06
8.41338e-06
8.41338e-06
8.41338e-06
8.41338e-06
8.41338e-06
8.41338e-06
8.41338e-06
8.41338e-06
8.41338e-06
8.41338e-06
8.41338e-06
8.41338e-06
8.41338e-06
8.41338e-06
8.41338e-06
8.41338e-06
8.41338e-06
8.41338e-06
8.41338e-06
8.41338e-06
8.41338e-06
8.41338e-06
8.41338e-06
8.41338e-06
8.41338e-06
8.41338e-06
8.41338e-06
8.41338e-06
8.41338e-06
8.41338e-06
8.41338e-06
8.41338e-06
8.41338e-06
8.41338e-06
8.41338e-06
8.41338e-06
8.41338e-06
8.41338e-06
8.41338e-06
8.41338e-06
8.41338e-06
8.41338e-06
8.41338e-06
8.41338e-06
8.41338e-06
8.41338e-06
8.41338e-06
8.41338e-06
8.41338e-06
8.41338e-06
8.41338e-06
8.41338e-06
8.41338e-06
8.41338e-06
8.41338e-06
8.41338e-06
8.41338e-06
8.41338e-06
8.41338e-06
8.41338e-06
8.41338e-06
8.41338e-06
8.41338e-06
8.41338e-06
8.41338e-06
8.41338e-06
8.41338e-06
8.41338e-06
8.41338e-06
8.41338e-06
8.41338e-06
8.41338e-06
8.41338e-06
8.41338e-06
8.41338e-06
8.41338e-06
8.41338e-06
8.41338e-06
8.41338e-06
8.41338e-06
8.41338e-06
8.41338e-06
8.41338e-06
8.41338e-06
8.41338e-06
8.41338e-06
8.41338e-06
8.41338e-06
8.41338e-06
8.41338e-06
8.41339e-06
8.41339e-06
8.41339e-06
8.41339e-06
8.41339e-06
8.41339e-06
8.41339e-06
8.41339e-06
8.41339e-06
8.41339e-06
8.41339e-06
8.41339e-06
8.41339e-06
8.41339e-06
8.41339e-06
8.41339e-06
8.41339e-06
8.41339e-06
8.41339e-06
8.41339e-06
8.41339e-06
8.41339e-06
8.41339e-06
8.41339e-06
8.41339e-06
8.41339e-06
8.41339e-06
8.41339e-06
8.41339e-06
8.41339e-06
8.41339e-06
8.41339e-06
8.41339e-06
8.41339e-06
8.41339e-06
8.41339e-06
8.41339e-06
8.41339e-06
8.41339e-06
8.41339e-06
8.41339e-06
8.41339e-06
8.41339e-06
8.41339e-06
8.41339e-06
8.41339e-06
8.41339e-06
8.41339e-06
8.41339e-06
8.41339e-06
8.41339e-06
8.41339e-06
8.41339e-06
8.41339e-06
8.41339e-06
8.41338e-06
8.41338e-06
8.41338e-06
8.41338e-06
8.41338e-06
8.41338e-06
8.41338e-06
8.41338e-06
8.41339e-06
8.41338e-06
8.41338e-06
8.41338e-06
8.41338e-06
8.41339e-06
8.41339e-06
8.41339e-06
8.41339e-06
8.41339e-06
8.41339e-06
8.41339e-06
8.41339e-06
8.41339e-06
8.41339e-06
8.41339e-06
8.41339e-06
8.41339e-06
8.41339e-06
8.41339e-06
8.41339e-06
8.41339e-06
8.41339e-06
8.41339e-06
8.41339e-06
8.41339e-06
8.41339e-06
8.41339e-06
8.41339e-06
8.41339e-06
8.41339e-06
8.41339e-06
8.41339e-06
8.41338e-06
8.41338e-06
8.41338e-06
8.41338e-06
8.41338e-06
8.41338e-06
8.41338e-06
8.41338e-06
8.41338e-06
8.41338e-06
8.41338e-06
8.41338e-06
8.41338e-06
8.41338e-06
8.41338e-06
8.41338e-06
8.41338e-06
8.41338e-06
8.41338e-06
8.41338e-06
8.41338e-06
8.41338e-06
8.41338e-06
8.41338e-06
8.41338e-06
8.41338e-06
8.41338e-06
8.41338e-06
8.41338e-06
8.41338e-06
8.41338e-06
8.41338e-06
8.41338e-06
8.41338e-06
8.41338e-06
)
;

boundaryField
{
    sides
    {
        type            calculated;
        value           nonuniform List<scalar> 2(8.41338e-06 8.4134e-08);
    }
    empty1
    {
        type            empty;
    }
    empty2
    {
        type            empty;
    }
}


// ************************************************************************* //
